3
4 0 1
2 2 2
4 1 3

100
1000000000 81287 9899
1000000000 81287 9899
1000000000 81287 9899
1000000000 81287 9899
1000000000 81287 9899
1000000000 81287 9899
1000000000 81287 9899
1000000000 81287 9899
1000000000 81287 9899
1000000000 81287 9899
1000000000 81287 9899
1000000000 81287 9899
1000000000 81287 9899
1000000000 81287 9899
1000000000 81287 9899
1000000000 81287 9899
1000000000 81287 9899
1000000000 81287 9899
1000000000 81287 9899
1000000000 81287 9899
1000000000 81287 9899
1000000000 81287 9899
1000000000 81287 9899
1000000000 81287 9899
1000000000 81287 9899
1000000000 81287 9899
1000000000 81287 9899
1000000000 81287 9899
1000000000 81287 9899
1000000000 81287 9899
1000000000 81287 9899
1000000000 81287 9899
1000000000 81287 9899
1000000000 81287 9899
1000000000 81287 9899
1000000000 81287 9899
1000000000 81287 9899
1000000000 81287 9899
1000000000 81287 9899
1000000000 81287 9899
1000000000 81287 9899
1000000000 81287 9899
1000000000 81287 9899
1000000000 81287 9899
1000000000 81287 9899
1000000000 81287 9899
1000000000 81287 9899
1000000000 81287 9899
1000000000 81287 9899
1000000000 81287 9899
1000000000 81287 9899
1000000000 81287 9899
1000000000 81287 9899
1000000000 81287 9899
1000000000 81287 9899
1000000000 81287 9899
1000000000 81287 9899
1000000000 81287 9899
1000000000 81287 9899
1000000000 81287 9899
1000000000 81287 9899
1000000000 81287 9899
1000000000 81287 9899
1000000000 81287 9899
1000000000 81287 9899
1000000000 81287 9899
1000000000 81287 9899
1000000000 81287 9899
1000000000 81287 9899
1000000000 81287 9899
1000000000 81287 9899
1000000000 81287 9899
1000000000 81287 9899
1000000000 81287 9899
1000000000 81287 9899
1000000000 81287 9899
1000000000 81287 9899
1000000000 81287 9899
1000000000 81287 9899
1000000000 81287 9899
1000000000 81287 9899
1000000000 81287 9899
1000000000 81287 9899
1000000000 81287 9899
1000000000 81287 9899
1000000000 81287 9899
1000000000 81287 9899
1000000000 81287 9899
1000000000 81287 9899
1000000000 81287 9899
1000000000 81287 9899
1000000000 81287 9899
1000000000 81287 9899
1000000000 81287 9899
1000000000 81287 9899
1000000000 81287 9899
1000000000 81287 9899
1000000000 81287 9899
1000000000 81287 9899
1000000000 81287 9899

4 0 1
2 2 2
4 1 3
1 3 2
6 0 3
2 2 3