   0    1 000000000000000000000000000001
   1    2 000000000000000000000000000010
   2    3 000000000000000000000000000011
   3    4 000000000000000000000000000100
   4    5 000000000000000000000000000101
   5    6 000000000000000000000000000110
   6    7 000000000000000000000000000111
   7    8 000000000000000000000000001000
   8    9 000000000000000000000000001001
   9   12 000000000000000000000000001100
  10   13 000000000000000000000000001101
  11   16 000000000000000000000000010000
  12   17 000000000000000000000000010001
  13   20 000000000000000000000000010100
  14   21 000000000000000000000000010101
  15   24 000000000000000000000000011000
  16   25 000000000000000000000000011001
  17   28 000000000000000000000000011100
  18   29 000000000000000000000000011101
  19   32 000000000000000000000000100000
  20   33 000000000000000000000000100001
  21   44 000000000000000000000000101100
  22   45 000000000000000000000000101101
  23   48 000000000000000000000000110000
  24   49 000000000000000000000000110001
  25   60 000000000000000000000000111100
  26   61 000000000000000000000000111101
  27   64 000000000000000000000001000000
  28   65 000000000000000000000001000001
  29   80 000000000000000000000001010000
  30   81 000000000000000000000001010001
  31   96 000000000000000000000001100000
  32   97 000000000000000000000001100001
  33  112 000000000000000000000001110000
  34  113 000000000000000000000001110001
  35  128 000000000000000000000010000000
  36  129 000000000000000000000010000001
  37  144 000000000000000000000010010000
  38  145 000000000000000000000010010001
  39  192 000000000000000000000011000000
  40  193 000000000000000000000011000001
  41  208 000000000000000000000011010000
  42  209 000000000000000000000011010001
  43  256 000000000000000000000100000000
  44  257 000000000000000000000100000001
  45  320 000000000000000000000101000000
  46  321 000000000000000000000101000001
  47  384 000000000000000000000110000000
  48  385 000000000000000000000110000001
  49  448 000000000000000000000111000000
  50  449 000000000000000000000111000001
  51  512 000000000000000000001000000000
  52  513 000000000000000000001000000001
  53  704 000000000000000000001011000000
  54  705 000000000000000000001011000001
  55  768 000000000000000000001100000000
  56  769 000000000000000000001100000001
  57  960 000000000000000000001111000000
  58  961 000000000000000000001111000001
  59 1024 000000000000000000010000000000
  60 1025 000000000000000000010000000001
  61 1216 000000000000000000010011000000
  62 1217 000000000000000000010011000001
  63 1280 000000000000000000010100000000
  64 1281 000000000000000000010100000001
  65 1472 000000000000000000010111000000
  66 1473 000000000000000000010111000001
  67 1536 000000000000000000011000000000
  68 1537 000000000000000000011000000001
  69 1728 000000000000000000011011000000
  70 1729 000000000000000000011011000001
  71 1792 000000000000000000011100000000
  72 1793 000000000000000000011100000001
  73 1984 000000000000000000011111000000
  74 1985 000000000000000000011111000001
  75 2048 000000000000000000100000000000
  76 2049 000000000000000000100000000001
  77 2304 000000000000000000100100000000
  78 2305 000000000000000000100100000001
  79 2752 000000000000000000101011000000
  80 2753 000000000000000000101011000001
  81 3008 000000000000000000101111000000
  82 3009 000000000000000000101111000001
  83 3072 000000000000000000110000000000
  84 3073 000000000000000000110000000001
  85 3328 000000000000000000110100000000
  86 3329 000000000000000000110100000001
  87 3776 000000000000000000111011000000
  88 3777 000000000000000000111011000001
  89 4032 000000000000000000111111000000
  90 4033 000000000000000000111111000001
  91 4096 000000000000000001000000000000
  92 4097 000000000000000001000000000001
  93 4352 000000000000000001000100000000
  94 4353 000000000000000001000100000001
  95 4800 000000000000000001001011000000
  96 4801 000000000000000001001011000001
  97 5056 000000000000000001001111000000
  98 5057 000000000000000001001111000001
  99 5120 000000000000000001010000000000
 100 5121 000000000000000001010000000001
 101 5376 000000000000000001010100000000
 102 5377 000000000000000001010100000001
 103 5824 000000000000000001011011000000
 104 5825 000000000000000001011011000001
 105 6080 000000000000000001011111000000
 106 6081 000000000000000001011111000001
 107 6144 000000000000000001100000000000
 108 6145 000000000000000001100000000001
 109 6400 000000000000000001100100000000
 110 6401 000000000000000001100100000001
 111 6848 000000000000000001101011000000
 112 6849 000000000000000001101011000001
 113 7104 000000000000000001101111000000
 114 7105 000000000000000001101111000001
 115 7168 000000000000000001110000000000
 116 7169 000000000000000001110000000001
 117 7424 000000000000000001110100000000
 118 7425 000000000000000001110100000001
 119 7872 000000000000000001111011000000
 120 7873 000000000000000001111011000001
 121 8128 000000000000000001111111000000
 122 8129 000000000000000001111111000001

