143: (-1,0,0,1,2,4,3,5,7,8,),
148: (-1,0,0,0,1,4,2,3,5,8,),
149: (-1,0,1,0,3,1,2,5,4,6,),
151: (-1,0,1,0,2,4,2,6,7,5,),
152: (-1,0,1,0,3,4,5,4,6,8,),
153: (-1,0,0,0,1,4,5,3,6,7,),
155: (-1,0,1,0,0,3,3,6,5,8,),
156: (-1,0,1,2,2,4,5,3,4,6,),
157: (-1,0,1,2,0,4,4,6,7,6,),
158: (-1,0,0,2,3,3,5,3,4,7,),
159: (-1,0,0,2,1,2,4,3,4,8,),
160: (-1,0,0,1,0,2,4,3,4,5,),
161: (-1,0,0,1,2,3,2,6,6,5,),
163: (-1,0,0,2,3,3,2,4,4,8,),
164: (-1,0,1,2,0,1,3,3,5,8,),
165: (-1,0,0,1,3,3,2,6,6,7,),
166: (-1,0,1,0,1,4,3,5,6,6,),
167: (-1,0,0,1,3,4,3,3,5,6,),
168: (-1,0,1,0,1,2,5,3,7,5,),
169: (-1,0,0,2,2,1,4,4,7,7,),
170: (-1,0,1,0,2,3,4,4,5,5,),
171: (-1,0,0,1,2,1,2,4,5,5,),
172: (-1,0,0,0,1,1,4,5,4,7,),
173: (-1,0,0,0,1,1,5,3,7,7,),
174: (-1,0,0,2,1,2,2,5,7,8,),
175: (-1,0,1,2,3,3,5,5,5,7,),
177: (-1,0,0,0,0,2,2,4,7,6,),
179: (-1,0,1,0,3,4,4,4,5,5,),
180: (-1,0,1,0,2,4,5,6,6,6,),
181: (-1,0,0,0,3,3,3,6,5,6,),
182: (-1,0,0,0,0,3,3,5,6,7,),
183: (-1,0,0,2,0,2,2,4,7,8,),
185: (-1,0,0,0,0,2,3,5,7,7,),
186: (-1,0,1,1,3,4,4,6,7,7,),
187: (-1,0,0,0,2,2,5,5,7,5,),
188: (-1,0,0,0,1,1,4,5,4,5,),
189: (-1,0,1,2,3,4,2,5,5,5,),
191: (-1,0,1,0,3,3,3,3,5,6,),
193: (-1,0,1,1,1,4,4,5,4,6,),
194: (-1,0,0,2,2,1,2,4,7,7,),
195: (-1,0,0,2,2,2,2,4,6,6,),
196: (-1,0,1,1,0,4,2,4,4,6,),
197: (-1,0,0,2,1,4,2,5,5,5,),
198: (-1,0,0,0,0,3,5,3,5,7,),
199: (-1,0,1,1,3,4,4,4,5,5,),
201: (-1,0,0,1,1,2,2,6,6,6,),
203: (-1,0,1,2,2,4,4,4,4,7,),
205: (-1,0,1,1,2,2,3,6,6,6,),
208: (-1,0,1,1,1,1,4,6,5,8,),
211: (-1,0,1,1,1,4,4,4,7,7,),
215: (-1,0,1,1,1,1,2,6,7,8,),
216: (-1,0,1,1,1,1,3,3,6,7,),
217: (-1,0,1,0,3,3,5,5,5,5,),
221: (-1,0,1,1,0,1,4,4,4,8,),
224: (-1,0,0,0,0,3,5,6,6,6,),
225: (-1,0,0,2,2,2,2,6,7,7,),
231: (-1,0,1,1,1,1,3,6,6,7,),
232: (-1,0,1,0,2,4,3,6,5,8,7,),
233: (-1,0,1,1,1,1,5,6,5,6,),
235: (-1,0,0,1,1,1,5,5,5,5,),
240: (-1,0,0,1,2,3,4,4,5,6,7,),
241: (-1,0,0,0,1,4,2,3,7,5,8,),
242: (-1,0,1,0,2,4,4,3,5,6,8,),
244: (-1,0,1,0,2,2,4,6,7,5,9,),
245: (-1,0,1,2,0,3,5,5,4,8,6,),
247: (-1,0,0,0,2,3,5,6,4,7,8,),
248: (-1,0,0,2,1,2,5,6,7,8,9,),
249: (-1,0,1,1,0,3,2,4,4,7,8,),
251: (-1,0,0,1,1,4,3,6,4,5,7,),
252: (-1,0,1,2,3,2,3,6,5,7,9,),
253: (-1,0,1,0,0,2,4,5,5,8,7,),
254: (-1,0,0,1,1,3,3,4,6,8,7,),
255: (-1,0,0,0,2,2,4,3,7,8,9,),
257: (-1,0,0,2,3,3,4,5,7,7,8,),
258: (-1,0,1,1,0,3,4,5,4,6,8,),
259: (-1,0,1,0,3,2,5,3,5,7,6,),
260: (-1,0,1,0,3,3,3,5,4,7,6,),
261: (-1,0,0,2,2,3,3,5,4,5,9,),
262: (-1,0,1,2,0,3,2,4,7,7,6,),
263: (-1,0,0,1,1,4,3,3,4,5,6,),
265: (-1,0,0,0,0,1,2,4,5,8,9,),
266: (-1,0,1,2,2,3,4,3,4,6,8,),
267: (-1,0,0,1,2,3,3,4,7,8,7,),
268: (-1,0,0,2,2,1,3,5,5,6,9,),
269: (-1,0,0,1,1,1,3,5,7,6,8,),
271: (-1,0,1,2,3,3,2,4,4,5,9,),
272: (-1,0,0,1,1,1,4,3,4,5,9,),
273: (-1,0,0,2,3,3,4,4,4,8,7,),
274: (-1,0,1,2,3,1,5,5,6,7,7,),
275: (-1,0,0,2,2,4,4,5,4,8,7,),
276: (-1,0,0,2,3,3,4,3,6,7,9,),
277: (-1,0,0,1,2,2,2,3,6,7,9,),
278: (-1,0,0,2,3,2,3,5,6,8,8,),
279: (-1,0,1,2,0,2,2,3,4,6,6,),
280: (-1,0,1,2,0,2,2,3,4,7,9,),
281: (-1,0,0,0,3,4,3,6,7,8,8,),
282: (-1,0,1,0,1,3,3,3,5,6,7,),
283: (-1,0,1,1,3,3,4,4,7,7,9,),
284: (-1,0,1,0,3,4,3,6,5,5,6,),
285: (-1,0,1,2,3,3,5,3,5,7,9,),
286: (-1,0,0,0,0,3,2,3,5,6,7,),
287: (-1,0,1,2,2,3,2,3,6,8,6,),
288: (-1,0,0,0,3,4,3,3,4,7,6,),
289: (-1,0,1,0,3,4,4,3,4,8,9,),
291: (-1,0,0,2,0,1,3,3,5,5,7,),
292: (-1,0,1,1,2,4,5,6,4,8,6,),
293: (-1,0,1,2,3,3,3,3,7,5,6,),
295: (-1,0,0,0,3,2,2,6,6,6,8,),
296: (-1,0,1,2,0,4,2,4,6,8,8,),
297: (-1,0,1,1,3,3,2,3,6,8,9,),
299: (-1,0,0,2,2,4,2,4,4,8,6,),
301: (-1,0,1,1,3,4,4,5,5,8,8,),
303: (-1,0,1,1,2,1,3,6,4,6,7,),
304: (-1,0,0,0,1,1,5,5,4,8,8,),
305: (-1,0,0,1,1,1,3,3,7,6,6,),
306: (-1,0,0,0,1,4,5,6,5,5,7,),
307: (-1,0,0,2,2,2,2,4,5,7,9,),
308: (-1,0,0,2,2,4,3,6,6,5,6,),
309: (-1,0,0,0,3,4,5,4,4,8,8,),
310: (-1,0,1,0,0,4,2,5,6,6,6,),
311: (-1,0,1,0,0,3,5,3,5,5,7,),
312: (-1,0,1,1,2,1,5,6,4,6,8,),
313: (-1,0,0,0,1,1,5,3,5,5,7,),
315: (-1,0,0,0,1,4,5,6,5,5,6,),
316: (-1,0,1,0,0,3,2,5,5,5,6,),
317: (-1,0,1,0,3,1,3,3,7,7,8,),
318: (-1,0,1,0,2,3,3,3,4,8,8,),
319: (-1,0,0,0,2,2,2,6,6,7,7,),
320: (-1,0,1,2,1,3,2,5,6,6,6,),
322: (-1,0,0,2,2,4,3,4,4,6,6,),
323: (-1,0,0,0,2,3,3,3,4,8,8,),
325: (-1,0,0,0,0,2,5,6,6,5,7,),
326: (-1,0,1,1,3,4,5,3,5,5,7,),
327: (-1,0,0,0,0,3,5,6,7,7,6,),
329: (-1,0,1,1,1,1,4,4,6,5,7,),
331: (-1,0,1,0,2,2,5,5,5,5,7,),
333: (-1,0,0,0,0,4,4,4,6,5,6,),
334: (-1,0,1,1,1,1,2,3,6,7,8,),
335: (-1,0,0,2,3,2,3,3,6,6,6,),
337: (-1,0,1,1,1,1,3,6,5,5,8,),
339: (-1,0,1,1,1,1,5,4,7,5,8,),
341: (-1,0,0,0,0,3,5,5,6,5,7,),
343: (-1,0,1,1,1,1,4,4,5,5,7,),
345: (-1,0,1,1,0,1,3,6,7,7,7,),
347: (-1,0,1,1,1,3,3,6,6,6,8,),
348: (-1,0,0,0,0,4,3,6,5,5,6,),
350: (-1,0,0,2,0,3,3,3,4,8,8,),
351: (-1,0,1,1,1,1,4,5,6,6,9,),
352: (-1,0,1,1,1,2,2,5,6,5,6,),
353: (-1,0,1,1,2,4,5,5,5,5,7,),
355: (-1,0,0,2,0,2,5,5,5,5,7,),
359: (-1,0,1,2,2,2,5,5,5,5,9,),
363: (-1,0,1,1,3,4,4,4,6,6,6,),
364: (-1,0,1,0,2,1,5,6,6,6,6,),
365: (-1,0,1,2,3,2,4,6,6,6,6,),
366: (-1,0,0,0,0,1,2,5,5,5,6,),
367: (-1,0,0,1,1,3,3,6,6,6,6,),
369: (-1,0,0,0,0,3,5,6,7,7,7,),
370: (-1,0,1,1,3,1,4,3,7,7,7,),
374: (-1,0,1,1,3,4,4,4,4,6,9,),
375: (-1,0,1,1,3,3,4,3,6,6,6,),
376: (-1,0,0,2,1,3,4,6,5,7,9,10,),
377: (-1,0,0,0,0,2,5,6,6,5,6,),
379: (-1,0,1,1,1,1,5,5,4,8,8,),
380: (-1,0,1,2,0,2,5,6,6,6,6,),
381: (-1,0,0,1,2,1,4,6,6,6,6,),
382: (-1,0,1,1,2,4,2,6,6,6,6,),
383: (-1,0,1,1,1,4,4,4,4,6,9,),
385: (-1,0,1,0,3,1,3,6,6,6,6,),
387: (-1,0,1,1,1,1,5,5,6,5,8,),
389: (-1,0,0,1,3,4,2,6,5,6,9,7,),
391: (-1,0,0,2,1,4,2,3,7,5,6,8,),
392: (-1,0,0,1,1,3,2,4,5,6,9,10,),
394: (-1,0,1,0,3,2,2,6,5,7,9,8,),
396: (-1,0,1,0,1,4,2,3,5,7,6,9,),
397: (-1,0,1,2,0,4,3,5,5,6,8,9,),
400: (-1,0,0,2,1,4,4,6,7,8,9,10,),
401: (-1,0,0,1,0,2,4,3,4,6,7,8,),
402: (-1,0,1,0,3,2,5,5,4,7,8,9,),
403: (-1,0,1,1,1,1,4,4,4,6,6,),
404: (-1,0,0,2,3,3,4,4,5,6,7,10,),
405: (-1,0,0,2,3,2,5,6,5,8,7,9,),
407: (-1,0,0,1,0,2,5,4,7,7,9,8,),
409: (-1,0,0,1,2,4,3,5,4,5,9,7,),
410: (-1,0,1,0,3,4,4,6,7,6,8,9,),
411: (-1,0,1,2,0,3,2,4,7,6,7,10,),
413: (-1,0,1,0,2,2,4,6,5,7,7,9,),
414: (-1,0,0,2,1,2,5,3,5,6,9,7,),
415: (-1,0,0,0,3,2,3,6,7,5,8,9,),
416: (-1,0,0,1,2,1,4,5,7,7,8,9,),
417: (-1,0,1,2,3,1,5,4,6,5,7,8,),
418: (-1,0,0,2,1,3,4,4,5,6,6,7,),
419: (-1,0,0,2,1,2,4,3,5,5,7,10,),
420: (-1,0,0,1,0,1,3,5,6,8,9,7,),
421: (-1,0,0,0,2,1,5,4,7,8,6,7,),
422: (-1,0,1,2,0,2,5,3,6,6,8,10,),
423: (-1,0,0,1,2,3,4,5,6,5,9,9,),
424: (-1,0,0,2,1,1,3,6,7,7,8,9,),
425: (-1,0,0,0,1,1,5,3,5,6,8,9,),
427: (-1,0,1,0,2,4,5,5,6,8,8,10,),
428: (-1,0,0,2,3,4,3,5,7,8,9,7,),
429: (-1,0,1,2,0,1,2,6,7,7,8,9,),
430: (-1,0,1,2,3,1,3,6,4,7,9,10,),
431: (-1,0,1,0,0,2,3,3,6,5,6,10,),
432: (-1,0,1,2,3,1,3,6,5,8,7,9,),
433: (-1,0,1,1,0,1,3,5,4,7,8,9,),
434: (-1,0,1,0,3,1,4,3,6,7,9,8,),
435: (-1,0,1,2,1,4,2,5,7,6,7,10,),
437: (-1,0,0,0,1,2,4,3,6,6,9,9,),
438: (-1,0,0,2,2,1,5,6,7,7,8,10,),
439: (-1,0,1,0,2,1,3,4,5,5,9,9,),
440: (-1,0,0,0,2,1,3,3,7,6,9,9,),
441: (-1,0,0,0,2,2,5,4,6,8,8,10,),
442: (-1,0,1,0,1,4,3,4,5,6,7,7,),
443: (-1,0,1,2,3,2,2,4,5,5,7,8,),
444: (-1,0,0,1,0,1,3,5,5,8,6,9,),
445: (-1,0,1,1,2,4,3,6,4,8,9,8,),
446: (-1,0,0,1,3,3,4,3,5,7,8,7,),
447: (-1,0,0,1,3,2,5,3,7,5,6,7,),
448: (-1,0,0,2,2,4,4,3,7,8,7,9,),
449: (-1,0,0,1,2,1,5,5,6,5,9,10,),
450: (-1,0,1,1,0,4,4,6,6,5,8,10,),
451: (-1,0,0,0,1,2,5,6,6,8,6,10,),
452: (-1,0,1,1,2,4,4,6,6,7,9,8,),
453: (-1,0,1,0,3,1,3,5,5,6,9,10,),
455: (-1,0,0,1,3,1,3,3,6,6,8,7,),
456: (-1,0,1,2,0,1,3,5,6,5,8,8,),
457: (-1,0,1,1,2,2,3,4,7,7,6,10,),
458: (-1,0,0,1,1,1,2,5,6,8,7,9,),
459: (-1,0,0,1,1,1,3,4,4,7,7,9,),
460: (-1,0,1,1,2,1,4,6,5,5,9,8,),
461: (-1,0,0,1,3,2,2,4,6,7,6,7,),
463: (-1,0,1,1,2,3,3,6,5,5,6,7,),
464: (-1,0,1,2,1,3,3,3,6,5,7,10,),
465: (-1,0,1,1,1,3,4,3,5,6,8,9,),
467: (-1,0,0,0,1,4,5,4,7,6,9,9,),
468: (-1,0,0,0,2,2,4,5,4,5,7,9,),
469: (-1,0,0,0,0,2,3,4,6,8,9,9,),
470: (-1,0,0,0,3,3,3,5,4,5,6,10,),
471: (-1,0,0,2,2,3,4,4,7,8,7,7,),
472: (-1,0,0,1,1,3,2,6,6,5,9,9,),
473: (-1,0,1,2,0,1,4,5,7,7,7,10,),
475: (-1,0,1,2,2,4,5,4,4,5,9,10,),
477: (-1,0,0,0,3,4,3,6,5,5,6,9,),
478: (-1,0,1,1,1,4,3,5,5,6,8,7,),
479: (-1,0,1,2,1,1,2,3,6,8,9,7,),
481: (-1,0,1,2,2,2,5,4,6,7,8,7,),
483: (-1,0,1,0,2,4,5,5,4,5,9,9,),
484: (-1,0,0,0,2,3,5,3,4,5,7,7,),
485: (-1,0,1,0,3,2,3,6,7,7,7,10,),
487: (-1,0,1,2,2,4,5,5,5,8,9,10,),
488: (-1,0,0,0,2,4,4,5,5,8,7,8,),
489: (-1,0,0,1,0,3,5,6,7,7,7,10,),
490: (-1,0,1,0,2,1,4,6,5,7,7,7,),
491: (-1,0,0,0,0,2,4,4,4,7,6,9,),
492: (-1,0,0,2,1,2,4,4,4,8,9,10,),
493: (-1,0,1,2,3,4,4,3,4,7,6,7,),
494: (-1,0,0,1,2,2,2,5,6,8,7,7,),
495: (-1,0,0,1,1,4,4,4,7,6,6,7,),
497: (-1,0,0,0,3,4,4,6,6,5,6,7,),
498: (-1,0,1,1,1,3,2,6,7,5,6,8,),
499: (-1,0,0,0,3,3,5,5,5,8,7,7,),
500: (-1,0,1,0,0,4,2,6,5,6,6,8,),
501: (-1,0,0,0,3,4,3,5,5,5,6,7,),
502: (-1,0,0,0,3,4,3,3,6,6,7,7,),
503: (-1,0,0,2,2,3,2,5,7,7,9,9,),
504: (-1,0,1,1,2,1,4,5,5,8,8,7,),
505: (-1,0,0,0,1,2,4,3,5,7,7,7,),
507: (-1,0,0,0,2,4,3,5,7,7,6,7,),
509: (-1,0,0,1,0,1,5,6,5,8,6,8,),
510: (-1,0,0,2,1,3,2,3,7,5,7,7,),
511: (-1,0,1,2,0,3,3,3,5,7,7,7,),
512: (-1,0,1,1,3,1,5,4,4,5,6,9,),
513: (-1,0,0,0,0,4,3,4,5,6,8,8,),
515: (-1,0,1,2,2,3,3,4,7,6,7,7,),
516: (-1,0,1,0,3,4,2,6,4,7,7,7,),
517: (-1,0,0,0,3,1,3,3,6,5,8,8,),
519: (-1,0,0,0,3,3,4,4,4,5,7,7,),
521: (-1,0,0,0,2,2,5,6,7,6,6,8,),
522: (-1,0,1,2,1,1,3,3,7,8,7,10,),
523: (-1,0,0,1,1,1,3,4,6,6,6,9,),
524: (-1,0,0,1,0,3,5,3,6,7,7,7,),
525: (-1,0,1,1,3,4,4,4,4,7,6,8,),
526: (-1,0,1,1,1,1,5,3,4,6,7,8,),
527: (-1,0,0,1,1,4,4,4,4,7,7,8,),
529: (-1,0,1,2,1,2,2,6,5,6,8,8,),
530: (-1,0,1,0,1,1,2,4,7,5,7,7,),
531: (-1,0,1,0,3,1,3,6,6,8,6,8,),
532: (-1,0,0,0,0,4,5,5,7,7,6,10,),
533: (-1,0,1,2,2,2,2,5,7,5,9,10,),
535: (-1,0,0,0,3,1,5,3,5,5,9,9,),
536: (-1,0,1,1,1,1,3,4,6,8,7,10,),
537: (-1,0,0,0,1,4,3,6,4,6,6,7,),
539: (-1,0,0,0,0,4,4,4,5,5,8,9,),
541: (-1,0,1,1,1,1,2,4,4,6,9,8,),
543: (-1,0,1,1,1,3,2,5,5,6,6,7,),
544: (-1,0,1,1,1,1,2,6,6,6,6,),
545: (-1,0,1,0,3,3,4,3,4,7,7,7,),
546: (-1,0,1,1,1,1,4,4,6,5,9,7,),
547: (-1,0,0,0,3,3,3,3,5,5,6,10,),
548: (-1,0,0,1,0,3,5,5,5,6,9,9,),
549: (-1,0,0,2,1,1,5,5,5,5,9,10,),
551: (-1,0,1,1,3,1,5,5,5,5,6,9,),
552: (-1,0,0,1,1,1,2,6,6,8,9,9,),
553: (-1,0,0,2,0,3,3,3,6,8,6,8,),
555: (-1,0,1,2,2,2,2,4,7,8,8,10,),
556: (-1,0,0,2,0,3,5,5,7,8,8,8,),
557: (-1,0,1,1,3,4,4,6,7,7,6,7,),
559: (-1,0,1,1,2,3,3,6,6,6,6,9,),
561: (-1,0,1,2,1,1,3,4,7,7,7,8,),
563: (-1,0,0,1,1,1,4,3,7,7,6,7,),
564: (-1,0,1,1,1,3,3,5,6,5,8,8,),
565: (-1,0,1,1,2,2,4,4,6,8,8,8,),
567: (-1,0,1,1,0,2,4,4,4,7,7,7,),
568: (-1,0,1,1,3,1,4,6,4,6,8,8,),
569: (-1,0,1,1,1,4,4,5,6,6,6,8,),
570: (-1,0,1,1,3,1,4,6,6,6,8,10,),
573: (-1,0,1,1,2,1,4,5,7,5,7,7,),
575: (-1,0,0,1,1,1,4,6,6,7,6,7,),
577: (-1,0,0,1,0,3,2,6,6,6,6,7,),
579: (-1,0,0,1,3,3,2,6,6,6,6,10,),
581: (-1,0,0,0,0,1,5,5,5,8,7,8,),
583: (-1,0,1,1,1,1,4,3,7,7,6,9,),
585: (-1,0,0,2,2,4,3,4,7,7,7,7,),
586: (-1,0,1,1,1,1,3,5,6,8,7,8,),
587: (-1,0,0,0,0,4,4,4,4,5,9,8,),
588: (-1,0,1,1,1,4,5,5,5,7,9,10,),
589: (-1,0,1,1,1,1,3,3,5,8,7,7,),
591: (-1,0,0,2,2,3,5,5,5,5,7,7,),
594: (-1,0,0,2,2,1,2,5,7,8,8,8,),
595: (-1,0,1,0,3,3,3,3,6,6,6,9,),
596: (-1,0,1,1,0,4,2,3,7,7,7,7,),
597: (-1,0,1,1,1,3,5,5,6,5,6,10,),
598: (-1,0,1,0,3,1,2,6,7,7,7,7,),
599: (-1,0,0,0,3,3,3,3,6,8,6,8,),
600: (-1,0,1,1,1,1,3,5,6,7,6,9,),
601: (-1,0,0,2,0,4,3,4,7,7,7,7,),
602: (-1,0,1,1,1,3,5,3,7,8,8,8,),
603: (-1,0,0,1,0,1,4,6,6,6,6,7,),
605: (-1,0,1,2,3,3,5,3,7,7,7,7,),
607: (-1,0,1,1,0,1,5,5,5,5,9,9,),
609: (-1,0,1,0,2,4,5,3,6,7,9,10,8,),
611: (-1,0,1,1,1,4,4,5,5,8,8,8,),
612: (-1,0,0,1,3,3,2,5,7,7,7,7,),
613: (-1,0,1,1,3,1,3,3,7,7,6,7,),
614: (-1,0,1,1,1,1,5,6,7,8,9,9,),
615: (-1,0,0,0,0,4,4,4,4,7,9,10,),
616: (-1,0,1,1,1,1,4,4,7,6,9,7,),
618: (-1,0,1,1,1,1,4,6,4,7,8,7,),
619: (-1,0,0,1,3,2,2,3,7,7,7,7,),
623: (-1,0,0,1,0,4,4,4,4,8,8,8,),
629: (-1,0,1,1,1,1,2,6,6,8,8,9,),
630: (-1,0,0,2,2,1,4,3,5,8,9,10,11,),
631: (-1,0,1,1,2,3,2,5,7,7,7,7,),
633: (-1,0,1,2,0,2,3,4,5,6,9,10,11,),
634: (-1,0,1,1,0,3,2,6,7,5,9,10,8,),
635: (-1,0,0,2,1,2,5,3,4,8,6,9,11,),
636: (-1,0,1,2,0,3,3,6,7,5,8,9,11,),
637: (-1,0,1,1,1,1,5,6,5,5,8,8,),
639: (-1,0,0,0,2,1,3,5,4,6,7,8,11,),
641: (-1,0,0,1,2,3,4,6,7,8,6,10,11,),
643: (-1,0,1,0,3,4,2,6,6,5,9,10,8,),
647: (-1,0,0,0,0,2,5,5,5,5,6,9,),
648: (-1,0,1,2,0,4,3,5,7,7,9,10,11,),
649: (-1,0,1,2,3,1,4,5,6,8,7,10,11,),
650: (-1,0,0,2,3,1,5,5,7,7,6,9,8,),
651: (-1,0,0,2,1,3,4,4,5,8,9,7,11,),
652: (-1,0,1,0,2,1,5,4,7,8,8,9,10,),
653: (-1,0,0,1,3,3,4,5,4,6,9,10,8,),
654: (-1,0,0,1,0,2,4,4,7,6,9,8,10,),
656: (-1,0,0,1,1,3,4,6,5,8,9,8,11,),
657: (-1,0,1,2,3,2,4,6,4,5,8,7,11,),
658: (-1,0,1,1,3,1,4,4,6,8,8,8,),
659: (-1,0,1,0,3,3,4,4,6,5,7,10,9,),
660: (-1,0,1,1,1,3,5,3,5,5,7,7,),
661: (-1,0,0,1,1,3,5,3,7,6,8,10,9,),
662: (-1,0,0,1,2,3,4,3,7,6,7,10,8,),
663: (-1,0,1,2,0,3,3,4,6,5,6,9,10,),
664: (-1,0,0,1,2,3,4,5,6,7,9,8,9,),
665: (-1,0,1,0,0,4,5,3,6,5,9,7,10,),
666: (-1,0,1,0,0,4,2,4,5,8,7,9,11,),
667: (-1,0,1,1,2,4,3,5,5,8,7,10,11,),
668: (-1,0,1,2,3,2,3,4,5,6,6,9,10,),
669: (-1,0,1,2,3,1,5,6,4,5,8,10,11,),
670: (-1,0,0,1,3,4,2,6,6,7,6,10,8,),
671: (-1,0,1,0,1,4,2,3,6,8,9,10,9,),
672: (-1,0,1,1,1,1,2,6,4,8,6,8,),
673: (-1,0,1,1,2,3,3,4,5,7,8,10,11,),
674: (-1,0,0,2,1,3,2,5,4,8,9,8,11,),
675: (-1,0,1,2,0,2,5,5,4,8,7,10,9,),
677: (-1,0,0,1,3,3,4,6,7,7,9,8,11,),
678: (-1,0,1,0,3,1,3,6,7,7,7,7,),
679: (-1,0,1,2,1,2,5,3,7,6,8,10,9,),
680: (-1,0,1,2,1,3,2,5,6,7,8,9,11,),
681: (-1,0,1,0,0,3,4,6,5,6,9,10,8,),
683: (-1,0,1,2,3,3,5,5,4,6,6,7,9,),
685: (-1,0,0,1,0,4,5,3,6,8,7,9,8,),
686: (-1,0,0,1,1,4,3,3,7,8,6,7,9,),
687: (-1,0,1,2,1,3,2,4,4,6,8,9,11,),
688: (-1,0,1,1,0,3,2,6,7,6,7,8,10,),
689: (-1,0,1,1,0,4,2,3,5,7,9,9,8,),
690: (-1,0,1,1,0,3,4,6,5,8,8,10,11,),
691: (-1,0,0,1,3,1,3,6,4,8,6,9,10,),
692: (-1,0,0,2,1,3,5,4,4,5,6,10,9,),
693: (-1,0,0,2,1,1,4,5,6,5,9,9,10,),
694: (-1,0,1,1,0,2,3,6,4,5,8,8,9,),
695: (-1,0,0,1,2,1,3,3,4,6,6,7,9,),
696: (-1,0,1,0,3,4,4,6,7,7,8,10,11,),
697: (-1,0,0,0,2,4,2,3,7,8,6,8,9,),
699: (-1,0,1,1,2,3,3,5,7,6,6,10,11,),
700: (-1,0,1,0,0,2,2,5,6,7,8,9,10,),
701: (-1,0,1,0,2,1,2,4,7,8,9,7,11,),
703: (-1,0,1,1,0,1,2,5,4,7,9,8,11,),
704: (-1,0,1,2,0,2,3,6,5,7,8,8,9,),
705: (-1,0,0,1,0,2,4,5,7,5,7,9,11,),
706: (-1,0,1,1,1,1,2,5,7,7,6,7,),
707: (-1,0,0,2,3,4,2,4,7,7,8,9,10,),
709: (-1,0,0,2,3,4,4,6,6,5,8,8,9,),
710: (-1,0,0,0,2,3,4,5,6,8,9,10,10,),
711: (-1,0,1,2,1,4,2,3,7,5,9,9,11,),
712: (-1,0,1,0,2,4,5,5,5,6,7,8,8,),
713: (-1,0,1,2,2,3,5,6,4,6,9,9,8,),
714: (-1,0,1,1,3,4,2,4,5,5,6,9,8,),
715: (-1,0,1,0,0,3,5,3,4,5,9,10,9,),
716: (-1,0,0,1,2,4,3,5,4,7,6,7,10,),
717: (-1,0,0,0,3,2,4,5,4,8,7,8,11,),
719: (-1,0,1,0,2,1,3,6,5,5,7,7,8,),
721: (-1,0,1,1,2,4,5,6,5,6,8,9,10,),
722: (-1,0,1,0,3,2,3,6,7,7,8,9,9,),
723: (-1,0,0,0,3,4,3,6,5,8,8,10,11,),
724: (-1,0,1,2,2,2,4,3,7,5,7,10,11,),
725: (-1,0,1,1,2,4,2,3,5,5,6,10,11,),
726: (-1,0,1,2,0,4,5,5,4,6,9,7,9,),
727: (-1,0,1,1,2,4,3,4,7,6,7,10,11,),
728: (-1,0,0,1,3,1,5,5,5,8,6,7,8,),
729: (-1,0,1,2,0,4,3,4,6,6,9,9,10,),
730: (-1,0,1,2,0,3,2,5,5,8,7,7,9,),
731: (-1,0,0,0,3,2,2,6,4,6,7,7,10,),
732: (-1,0,0,2,2,4,3,3,4,7,7,9,10,),
733: (-1,0,1,0,1,4,3,5,6,8,9,9,8,),
734: (-1,0,0,2,1,1,4,4,7,5,9,8,9,),
735: (-1,0,0,2,0,2,3,3,5,5,9,7,8,),
736: (-1,0,1,0,2,3,4,4,4,5,7,10,11,),
737: (-1,0,1,0,2,3,4,4,7,7,6,7,11,),
738: (-1,0,1,1,2,2,4,6,7,5,8,10,10,),
739: (-1,0,0,0,1,4,3,3,4,8,7,8,11,),
740: (-1,0,1,1,3,3,5,4,5,5,6,9,8,),
741: (-1,0,0,1,2,1,4,4,7,5,8,10,10,),
742: (-1,0,0,0,3,4,3,5,7,6,9,8,8,),
743: (-1,0,0,2,2,4,2,4,7,6,6,10,11,),
744: (-1,0,0,1,2,2,5,5,5,6,6,7,8,),
745: (-1,0,1,2,3,4,3,3,4,6,9,10,11,),
746: (-1,0,0,0,0,3,3,4,6,5,8,7,11,),
747: (-1,0,1,2,1,4,4,4,7,6,9,7,8,),
749: (-1,0,0,2,0,2,5,5,5,6,7,10,8,),
750: (-1,0,1,1,0,4,5,4,6,6,8,7,10,),
751: (-1,0,0,2,0,3,2,5,7,8,9,7,8,),
752: (-1,0,1,2,3,2,4,4,5,6,8,9,9,),
753: (-1,0,1,1,2,2,3,3,4,5,6,9,9,),
754: (-1,0,0,2,3,4,4,3,7,7,9,8,8,),
755: (-1,0,0,1,1,4,5,5,4,5,6,9,11,),
756: (-1,0,0,2,2,4,3,4,4,8,8,9,10,),
757: (-1,0,1,2,0,4,2,6,6,7,6,7,8,),
759: (-1,0,1,0,0,4,3,4,7,7,9,10,10,),
760: (-1,0,0,0,2,3,4,4,7,5,8,9,9,),
761: (-1,0,0,2,0,1,2,5,7,7,8,9,9,),
762: (-1,0,0,2,1,2,4,5,4,8,7,9,9,),
763: (-1,0,0,1,1,2,5,3,4,8,8,8,9,),
764: (-1,0,1,2,1,3,5,3,6,7,9,8,8,),
765: (-1,0,1,0,1,3,4,4,4,6,6,9,10,),
766: (-1,0,1,0,2,3,5,6,4,7,7,7,8,),
767: (-1,0,0,1,2,2,3,6,4,7,7,7,11,),
768: (-1,0,0,1,3,1,4,4,4,5,8,10,11,),
769: (-1,0,0,1,2,3,2,3,6,8,9,10,10,),
770: (-1,0,1,0,1,3,5,3,4,8,6,8,10,),
771: (-1,0,0,2,3,2,2,5,7,7,9,9,11,),
772: (-1,0,1,0,2,3,2,4,7,6,9,7,9,),
773: (-1,0,0,2,1,2,4,6,6,7,6,9,8,),
774: (-1,0,0,2,3,1,5,6,4,5,9,9,9,),
775: (-1,0,0,0,2,4,2,4,7,7,9,10,9,),
776: (-1,0,0,1,2,4,3,5,4,8,7,8,8,),
777: (-1,0,1,0,0,1,4,5,4,7,7,8,11,),
778: (-1,0,0,0,1,1,2,4,5,5,6,10,10,),
779: (-1,0,0,0,3,4,4,6,5,7,6,7,8,),
780: (-1,0,1,0,3,3,3,5,7,8,6,10,8,),
781: (-1,0,1,0,3,2,3,3,7,5,6,8,8,),
782: (-1,0,0,0,2,1,5,3,7,7,7,10,11,),
783: (-1,0,1,1,2,1,5,4,5,8,8,7,10,),
784: (-1,0,0,0,2,2,5,5,4,8,7,8,10,),
785: (-1,0,0,0,0,2,3,5,7,6,8,8,10,),
787: (-1,0,0,0,0,2,4,5,5,7,9,10,11,),
788: (-1,0,1,1,0,1,5,6,4,8,8,10,11,),
789: (-1,0,1,1,2,2,5,5,5,7,6,9,10,),
790: (-1,0,0,0,3,3,5,5,4,7,9,9,8,),
791: (-1,0,1,2,2,3,3,3,4,7,6,10,10,),
792: (-1,0,1,0,2,4,4,3,4,7,7,10,9,),
793: (-1,0,0,0,1,4,3,3,4,6,8,10,10,),
794: (-1,0,0,1,3,3,3,5,7,6,9,7,10,),
795: (-1,0,1,2,2,2,3,3,7,5,8,7,8,),
797: (-1,0,1,2,2,4,2,3,4,5,7,9,9,),
798: (-1,0,1,2,3,1,2,6,4,6,8,10,10,),
799: (-1,0,0,2,2,4,4,4,6,6,9,10,9,),
800: (-1,0,0,2,3,2,5,6,5,7,8,8,8,),
801: (-1,0,1,1,3,1,5,6,7,7,6,8,9,),
802: (-1,0,0,0,0,1,5,4,7,5,9,10,11,),
803: (-1,0,0,0,3,2,5,3,5,5,8,9,10,),
805: (-1,0,0,0,0,3,2,5,7,8,6,10,8,),
806: (-1,0,1,0,3,2,5,5,6,7,9,9,9,),
807: (-1,0,0,0,0,4,3,6,4,6,8,7,10,),
808: (-1,0,1,2,1,1,4,3,6,8,9,10,10,),
809: (-1,0,0,1,1,1,4,4,6,8,7,10,10,),
810: (-1,0,1,2,0,3,3,3,6,8,6,10,10,),
811: (-1,0,1,2,1,4,2,5,4,7,9,7,9,),
813: (-1,0,0,1,0,3,2,6,6,6,8,8,11,),
814: (-1,0,1,1,0,1,4,6,4,8,7,10,9,),
815: (-1,0,0,1,1,1,4,4,4,6,8,8,11,),
816: (-1,0,1,1,3,4,3,3,4,6,6,7,11,),
817: (-1,0,1,2,3,2,2,4,4,7,7,8,11,),
818: (-1,0,0,0,0,4,4,4,6,5,7,8,10,),
819: (-1,0,0,0,3,3,4,6,7,8,8,8,11,),
820: (-1,0,1,1,1,4,3,4,7,5,6,8,8,),
821: (-1,0,0,0,1,3,4,4,6,7,7,7,8,),
822: (-1,0,0,0,3,4,2,3,7,6,7,7,9,),
823: (-1,0,0,0,0,3,2,3,6,5,9,10,10,),
824: (-1,0,0,2,1,2,5,6,5,6,6,8,11,),
825: (-1,0,1,1,1,3,2,6,5,6,7,7,10,),
827: (-1,0,0,0,3,1,3,3,6,5,6,8,8,),
828: (-1,0,0,0,1,2,2,3,7,7,7,8,11,),
829: (-1,0,1,1,1,4,4,6,4,5,7,10,11,),
830: (-1,0,0,1,2,4,2,6,6,7,6,9,9,),
831: (-1,0,1,1,2,3,3,4,7,7,9,7,10,),
832: (-1,0,1,1,1,1,4,6,7,7,7,7,),
833: (-1,0,1,1,1,1,2,3,5,5,9,7,8,),
834: (-1,0,0,0,2,2,2,6,4,5,6,8,8,),
835: (-1,0,1,1,3,4,4,4,7,8,7,9,11,),
837: (-1,0,0,0,0,2,4,5,5,6,8,9,8,),
839: (-1,0,1,0,0,1,2,6,6,8,8,8,9,),
840: (-1,0,0,2,1,3,5,6,5,8,6,8,8,),
841: (-1,0,1,0,0,2,2,6,7,5,7,7,8,),
842: (-1,0,1,1,2,3,4,3,5,7,8,8,8,),
843: (-1,0,1,0,1,3,3,6,6,6,9,10,9,),
844: (-1,0,1,1,1,1,2,6,4,5,9,8,11,),
845: (-1,0,1,2,2,2,3,6,4,8,7,7,8,),
847: (-1,0,1,0,1,1,5,6,5,8,6,8,10,),
848: (-1,0,0,2,3,2,5,5,4,7,9,9,9,),
849: (-1,0,1,1,3,1,4,5,5,5,8,7,8,),
851: (-1,0,0,1,0,1,3,5,7,7,9,7,9,),
852: (-1,0,0,2,3,4,2,6,5,6,8,8,8,),
853: (-1,0,1,1,1,1,3,4,4,5,6,9,8,),
855: (-1,0,1,2,1,2,5,5,6,5,7,8,8,),
856: (-1,0,0,2,3,2,4,4,4,5,8,10,10,),
857: (-1,0,1,1,0,1,4,4,7,6,9,9,10,),
859: (-1,0,1,1,2,1,5,6,5,6,7,10,10,),
860: (-1,0,0,0,3,4,3,6,4,5,8,8,8,),
861: (-1,0,1,1,1,4,3,6,5,6,8,8,10,),
862: (-1,0,0,0,2,4,4,5,5,7,7,8,8,),
863: (-1,0,1,1,3,4,2,4,4,7,7,9,9,),
864: (-1,0,0,2,0,1,4,5,5,8,9,9,9,),
865: (-1,0,1,2,2,2,2,6,7,6,9,10,8,),
866: (-1,0,0,0,0,4,4,4,5,6,7,7,9,),
867: (-1,0,1,1,0,1,4,3,4,8,8,10,10,),
869: (-1,0,1,1,0,1,5,6,5,7,7,8,8,),
871: (-1,0,1,2,2,4,4,6,6,7,6,9,9,),
872: (-1,0,0,0,0,2,2,6,5,5,6,8,9,),
873: (-1,0,0,0,0,2,3,3,5,6,6,8,8,),
875: (-1,0,1,0,0,3,5,4,5,5,7,10,10,),
876: (-1,0,1,1,1,1,4,4,7,5,6,9,11,),
877: (-1,0,1,2,0,2,2,4,7,8,7,7,10,),
878: (-1,0,1,1,1,1,2,6,5,7,9,8,10,),
879: (-1,0,1,1,0,4,2,4,4,8,8,8,11,),
880: (-1,0,0,0,3,1,5,6,4,6,8,8,8,),
881: (-1,0,1,1,1,2,4,3,6,5,8,8,8,),
883: (-1,0,1,1,1,3,4,5,4,8,9,8,8,),
884: (-1,0,0,2,3,3,4,3,6,7,6,9,9,),
885: (-1,0,1,1,1,2,2,6,5,8,6,8,9,),
887: (-1,0,0,0,0,4,4,6,5,6,8,8,9,),
888: (-1,0,1,1,2,1,3,6,4,7,6,9,9,),
889: (-1,0,0,2,2,1,5,5,7,8,8,7,8,),
891: (-1,0,0,0,0,1,2,6,6,6,7,7,8,),
892: (-1,0,1,1,0,2,4,4,4,5,7,10,10,),
893: (-1,0,1,1,1,1,2,4,6,5,8,7,8,),
894: (-1,0,0,2,2,1,2,6,7,6,9,7,9,),
895: (-1,0,1,1,3,1,4,6,4,8,6,8,9,),
897: (-1,0,1,0,1,1,4,3,6,7,6,9,9,),
898: (-1,0,0,0,2,1,5,4,5,6,9,9,9,),
899: (-1,0,1,1,3,3,3,3,7,7,9,10,8,),
901: (-1,0,0,0,0,4,3,5,5,5,6,8,10,),
902: (-1,0,0,0,3,4,4,3,4,8,7,9,9,),
903: (-1,0,1,0,1,1,3,6,7,8,9,7,9,),
904: (-1,0,0,2,1,1,4,6,4,6,8,8,8,),
905: (-1,0,1,0,2,2,2,3,6,5,9,9,9,),
907: (-1,0,1,2,1,4,2,4,7,7,9,9,9,),
908: (-1,0,1,1,0,1,4,4,4,7,6,7,8,),
909: (-1,0,1,1,0,1,3,3,6,5,8,8,8,),
911: (-1,0,1,0,1,3,3,4,7,7,8,7,8,),
913: (-1,0,0,0,0,1,5,6,7,8,9,8,8,),
915: (-1,0,1,0,1,4,4,4,7,8,8,10,8,),
916: (-1,0,0,2,2,4,3,3,4,7,9,9,9,),
917: (-1,0,1,2,3,1,3,3,7,7,9,10,10,),
918: (-1,0,1,1,1,1,2,5,6,8,6,7,10,),
919: (-1,0,0,0,0,4,5,4,4,5,9,10,9,),
921: (-1,0,1,1,0,2,5,6,6,6,6,9,11,),
923: (-1,0,0,0,3,3,5,3,5,7,8,8,8,),
925: (-1,0,1,1,1,4,5,6,4,6,6,10,8,),
927: (-1,0,1,0,1,1,3,4,6,6,9,9,9,),
928: (-1,0,0,0,0,3,2,6,5,6,6,9,11,),
929: (-1,0,1,0,3,2,2,5,7,7,7,7,9,),
930: (-1,0,1,1,1,4,5,5,6,5,9,10,8,),
931: (-1,0,1,2,0,2,2,4,4,8,8,10,8,),
933: (-1,0,1,2,1,4,4,5,4,7,9,9,9,),
935: (-1,0,1,1,0,2,5,5,5,5,6,10,11,),
937: (-1,0,0,0,0,3,5,6,7,8,7,7,9,),
939: (-1,0,0,0,0,3,3,6,6,8,6,8,11,),
940: (-1,0,1,1,1,1,2,5,7,6,9,8,8,),
941: (-1,0,0,2,0,3,4,3,4,7,9,9,9,),
943: (-1,0,0,2,0,3,4,3,4,8,9,9,9,),
944: (-1,0,0,2,3,3,3,3,7,8,6,8,10,),
945: (-1,0,1,0,0,1,5,5,5,5,7,10,11,),
946: (-1,0,0,0,1,2,3,5,7,8,8,8,8,),
947: (-1,0,0,0,0,4,4,3,4,8,6,8,8,),
949: (-1,0,1,1,3,3,4,6,4,8,6,8,8,),
950: (-1,0,1,1,1,1,4,4,7,6,6,10,9,),
951: (-1,0,0,0,2,2,2,6,7,7,8,7,10,),
953: (-1,0,1,2,3,4,2,6,6,8,8,8,8,),
955: (-1,0,1,0,1,1,3,6,4,8,7,8,8,),
956: (-1,0,1,1,1,1,5,6,5,5,7,9,8,),
957: (-1,0,0,0,2,2,2,4,6,8,7,8,8,),
958: (-1,0,0,1,0,3,2,6,6,6,6,9,11,),
959: (-1,0,0,0,2,4,4,4,4,7,6,7,10,),
961: (-1,0,1,0,3,3,3,6,7,6,8,8,8,),
963: (-1,0,0,1,3,2,3,6,5,8,8,8,8,),
964: (-1,0,1,1,1,1,3,3,5,6,7,7,8,),
967: (-1,0,1,1,1,1,3,5,5,8,8,10,10,),
969: (-1,0,1,0,3,4,2,3,4,8,8,8,8,),
971: (-1,0,1,1,1,1,5,3,7,5,7,8,11,),
973: (-1,0,1,2,2,1,2,6,5,7,7,7,8,),
975: (-1,0,0,1,2,2,3,6,6,6,6,9,9,),
977: (-1,0,1,1,1,1,2,6,7,6,8,9,11,),
979: (-1,0,1,1,3,3,3,3,6,6,8,9,8,),
980: (-1,0,1,1,3,1,3,6,4,8,7,8,8,),
981: (-1,0,1,1,1,2,5,6,7,7,8,8,8,),
982: (-1,0,1,1,1,1,5,6,6,5,8,10,9,),
983: (-1,0,1,1,3,1,3,6,7,7,8,7,8,),
984: (-1,0,1,1,1,4,4,5,4,8,6,8,8,),
985: (-1,0,1,1,3,4,4,4,4,7,7,9,11,),
986: (-1,0,0,1,3,2,5,6,4,7,9,10,11,12,),
987: (-1,0,0,1,3,3,5,3,5,5,9,9,9,),
989: (-1,0,0,0,0,4,5,4,7,8,7,8,8,),
991: (-1,0,1,1,1,1,2,3,5,8,8,9,8,),
993: (-1,0,1,1,2,1,4,4,4,7,8,7,8,),
995: (-1,0,1,1,1,1,4,6,6,8,8,7,9,),
996: (-1,0,0,2,1,4,3,4,6,8,8,8,8,),
997: (-1,0,1,1,2,2,4,3,7,8,8,8,8,),
999: (-1,0,1,2,1,2,2,4,7,8,8,7,8,),
1001: (-1,0,1,1,1,1,5,6,5,8,7,10,10,),
1003: (-1,0,1,2,2,2,2,6,7,7,9,7,11,),
1004: (-1,0,1,1,1,1,5,6,5,8,9,7,9,),
1005: (-1,0,0,2,1,3,3,4,4,8,8,8,8,),
1007: (-1,0,1,1,1,1,5,5,5,7,9,7,8,),
1009: (-1,0,1,1,1,4,2,5,5,8,9,9,9,),
1010: (-1,0,1,1,1,1,4,6,7,8,6,7,11,),
1011: (-1,0,0,1,1,1,4,6,7,7,7,7,10,),
1013: (-1,0,1,1,1,1,4,6,7,8,8,7,11,),
1015: (-1,0,1,0,0,1,4,6,6,6,6,8,8,),
1019: (-1,0,1,1,2,2,2,6,6,6,6,8,11,),
1020: (-1,0,1,2,0,4,3,4,7,5,6,10,11,12,),
1021: (-1,0,1,1,1,1,2,6,4,5,6,9,9,),
1023: (-1,0,0,0,0,4,5,5,5,7,9,9,10,),
1025: (-1,0,1,2,0,2,3,5,4,6,8,9,10,12,),
1026: (-1,0,1,0,1,2,3,4,6,5,9,8,10,11,),
1027: (-1,0,0,0,2,3,4,3,7,8,8,8,8,),
1028: (-1,0,1,0,3,4,2,4,6,5,8,7,10,11,),
1029: (-1,0,0,2,0,3,3,5,7,7,7,7,10,),
1031: (-1,0,0,2,3,4,5,6,4,8,9,7,10,12,),
1032: (-1,0,0,0,0,4,5,5,5,8,9,10,10,),
1033: (-1,0,1,2,2,2,2,6,7,7,6,10,10,),
1034: (-1,0,1,2,0,2,3,4,6,5,9,8,11,12,),
1035: (-1,0,0,1,1,1,4,3,4,8,8,8,8,),
1036: (-1,0,1,0,1,2,3,4,5,8,7,9,10,12,),
1038: (-1,0,1,0,3,2,2,5,4,7,6,8,10,11,),
1039: (-1,0,1,1,3,3,5,6,6,8,8,8,8,),
1041: (-1,0,0,1,2,2,3,6,4,7,9,10,11,12,),
1043: (-1,0,1,2,1,4,3,4,4,8,8,8,8,),
1045: (-1,0,0,0,0,1,5,5,7,7,8,8,8,),
1047: (-1,0,0,0,0,1,3,6,6,8,6,8,8,),
1048: (-1,0,0,0,0,4,4,5,5,5,6,10,10,),
1049: (-1,0,0,1,0,3,4,6,5,7,9,10,11,12,),
1050: (-1,0,1,2,0,3,2,4,7,5,9,8,10,12,),
1051: (-1,0,1,0,2,4,3,6,7,8,7,9,11,12,),
1052: (-1,0,1,1,1,1,2,6,7,5,9,7,9,),
1054: (-1,0,1,2,0,4,3,6,5,7,6,8,9,11,),
1055: (-1,0,0,1,2,1,4,3,6,5,8,8,11,10,),
1056: (-1,0,1,2,3,4,4,6,5,5,7,8,9,10,),
1057: (-1,0,1,1,1,1,4,5,4,7,7,8,8,),
1058: (-1,0,0,1,1,3,2,4,4,6,8,7,10,9,),
1059: (-1,0,0,0,3,1,2,4,6,8,7,7,10,11,),
1060: (-1,0,1,0,3,2,4,3,4,5,6,7,8,11,),
1061: (-1,0,0,0,0,4,5,5,5,7,7,7,8,),
1063: (-1,0,1,1,1,1,5,6,5,6,7,8,8,),
1064: (-1,0,0,1,3,1,4,6,7,5,7,8,10,12,),
1065: (-1,0,1,0,1,2,5,4,7,6,7,8,10,9,),
1067: (-1,0,0,2,1,4,3,5,4,6,8,9,8,12,),
1069: (-1,0,0,2,0,3,3,6,6,8,8,8,8,),
1070: (-1,0,1,0,0,4,3,6,5,8,8,10,11,9,),
1071: (-1,0,1,0,2,4,5,4,6,8,7,7,9,11,),
1072: (-1,0,0,0,3,1,2,6,4,5,8,8,10,11,),
1073: (-1,0,1,1,0,2,3,5,6,5,7,10,8,9,),
1074: (-1,0,1,2,2,3,3,5,4,8,7,10,9,12,),
1075: (-1,0,0,0,2,3,2,4,5,6,8,9,11,10,),
1076: (-1,0,1,1,3,3,2,5,4,8,6,10,11,12,),
1077: (-1,0,0,2,3,3,3,4,7,7,7,7,11,),
1078: (-1,0,0,2,1,4,3,5,7,5,7,10,11,9,),
1079: (-1,0,0,1,0,1,2,5,4,7,6,8,9,11,),
1081: (-1,0,1,0,0,4,3,6,5,7,7,8,11,9,),
1083: (-1,0,1,2,0,3,2,6,4,7,8,8,10,9,),
1084: (-1,0,0,1,2,2,5,6,4,5,7,8,11,12,),
1085: (-1,0,0,1,3,3,2,4,5,6,9,7,9,12,),
1086: (-1,0,1,1,2,3,4,6,5,8,9,9,11,10,),
1087: (-1,0,0,1,0,2,4,4,7,6,7,9,8,10,),
1088: (-1,0,1,2,3,2,5,3,4,7,9,7,11,10,),
1089: (-1,0,1,0,1,2,3,5,4,7,6,7,8,11,),
1090: (-1,0,1,2,3,1,4,6,5,7,7,10,8,9,),
1091: (-1,0,1,1,2,2,3,6,5,8,7,10,9,12,),
1092: (-1,0,0,2,1,3,4,5,7,5,8,10,8,12,),
1093: (-1,0,0,1,0,4,5,3,7,7,9,8,10,12,),
1095: (-1,0,1,1,0,4,4,3,5,6,9,8,10,11,),
1096: (-1,0,0,1,2,4,5,3,7,5,6,8,9,9,),
1097: (-1,0,1,0,2,4,4,5,7,7,6,8,11,12,),
1098: (-1,0,0,0,0,1,4,6,5,8,8,8,8,),
1099: (-1,0,0,1,2,3,3,5,6,8,6,8,11,9,),
1100: (-1,0,0,2,1,3,4,6,4,8,8,7,11,12,),
1101: (-1,0,0,1,2,4,3,5,4,8,9,7,10,9,),
1103: (-1,0,0,0,1,3,2,3,5,5,6,7,10,9,),
1104: (-1,0,1,2,0,3,4,4,6,7,9,10,11,9,),
1105: (-1,0,1,1,2,3,5,6,4,8,8,7,11,9,),
1106: (-1,0,0,1,3,1,5,5,7,6,8,7,10,12,),
1107: (-1,0,0,2,2,1,3,6,5,8,7,9,9,12,),
1108: (-1,0,0,1,1,4,3,4,7,7,9,8,11,10,),
1109: (-1,0,1,1,3,2,2,5,5,6,7,10,8,9,),
1111: (-1,0,1,1,3,2,4,5,6,7,8,9,11,9,),
1112: (-1,0,0,1,2,3,4,5,6,7,6,7,8,10,),
1113: (-1,0,0,2,1,2,5,3,7,5,7,8,10,9,),
1114: (-1,0,0,1,1,2,3,6,4,5,6,10,8,11,),
1115: (-1,0,0,2,3,4,5,3,4,5,7,8,9,10,),
1117: (-1,0,0,0,1,1,2,3,5,7,7,8,10,9,),
1118: (-1,0,0,0,3,1,2,4,4,8,8,10,9,11,),
1119: (-1,0,1,1,0,2,5,4,6,8,6,7,9,11,),
1120: (-1,0,1,2,3,4,2,6,7,5,8,9,10,10,),
1121: (-1,0,0,0,2,1,2,5,6,6,7,9,8,12,),
1123: (-1,0,0,1,3,3,2,6,4,8,6,10,11,12,),
1124: (-1,0,1,2,2,3,4,4,6,8,8,9,10,11,),
1125: (-1,0,0,2,1,4,4,3,4,7,6,8,9,12,),
1126: (-1,0,0,1,2,1,4,3,6,8,7,9,8,11,),
1127: (-1,0,1,1,2,2,4,3,5,8,9,10,10,11,),
1129: (-1,0,1,0,2,1,5,3,4,6,7,10,9,10,),
1130: (-1,0,0,0,1,2,2,3,5,6,9,9,10,12,),
1131: (-1,0,0,1,0,4,3,4,5,6,8,10,8,12,),
1132: (-1,0,1,1,2,4,2,5,7,6,6,10,8,9,),
1133: (-1,0,0,1,1,3,2,3,4,8,7,7,11,12,),
1134: (-1,0,0,2,3,1,4,6,7,6,8,8,10,12,),
1135: (-1,0,0,1,3,2,5,6,5,7,8,9,10,10,),
1136: (-1,0,0,2,1,3,5,3,5,5,6,8,10,9,),
1137: (-1,0,0,0,3,1,5,6,7,6,9,9,11,12,),
1138: (-1,0,1,0,2,2,5,3,5,6,6,8,10,12,),
1139: (-1,0,1,0,2,1,3,4,6,8,6,8,9,10,),
1140: (-1,0,1,0,1,3,4,5,7,8,6,10,10,9,),
1141: (-1,0,0,0,1,2,3,3,5,8,7,7,9,12,),
1142: (-1,0,0,0,1,2,3,5,4,7,7,10,9,10,),
1143: (-1,0,1,0,1,4,3,6,7,8,8,9,9,12,),
1144: (-1,0,1,0,0,2,5,4,6,8,7,9,10,9,),
1145: (-1,0,1,2,1,4,3,3,4,6,8,7,10,11,),
1146: (-1,0,1,1,1,2,5,6,7,8,8,8,8,),
1147: (-1,0,0,2,1,4,5,3,4,7,7,8,10,10,),
1148: (-1,0,1,2,3,2,4,3,5,6,7,9,11,11,),
1149: (-1,0,1,2,1,3,4,6,5,7,7,10,10,11,),
1150: (-1,0,0,1,0,2,3,3,7,5,7,8,10,9,),
1151: (-1,0,1,2,3,2,3,6,5,5,8,9,8,10,),
1152: (-1,0,1,2,3,2,5,3,4,7,8,10,10,9,),
1153: (-1,0,0,2,3,4,3,5,5,8,8,7,11,10,),
1154: (-1,0,1,1,1,1,3,3,6,7,8,8,8,),
1155: (-1,0,1,0,2,3,2,5,6,5,9,9,10,12,),
1156: (-1,0,1,0,3,4,3,5,4,7,7,9,8,11,),
1157: (-1,0,1,0,3,4,2,3,4,5,7,9,8,9,),
1159: (-1,0,1,1,0,2,3,5,4,5,8,9,9,10,),
1160: (-1,0,0,1,0,1,2,6,4,5,9,9,10,12,),
1161: (-1,0,0,1,3,3,5,3,4,6,7,7,8,10,),
1162: (-1,0,1,1,1,1,5,6,6,7,8,8,8,),
1163: (-1,0,0,1,2,4,5,5,4,5,7,8,9,12,),
1164: (-1,0,1,0,2,1,2,3,5,5,7,9,10,11,),
1165: (-1,0,0,0,3,1,5,6,7,5,9,8,9,11,),
1166: (-1,0,0,1,2,3,5,6,5,5,8,10,9,9,),
1167: (-1,0,0,2,3,2,2,3,4,8,6,10,11,9,),
1168: (-1,0,1,0,0,4,3,3,6,6,7,7,8,9,),
1169: (-1,0,1,1,3,4,5,6,5,7,6,8,9,12,),
1171: (-1,0,1,2,0,4,3,4,6,8,7,7,8,9,),
1172: (-1,0,1,0,3,2,5,4,7,7,6,10,11,11,),
1173: (-1,0,1,2,3,2,2,5,4,5,7,8,10,11,),
1174: (-1,0,0,1,3,2,3,3,6,6,7,10,8,9,),
1175: (-1,0,1,2,0,3,4,4,7,6,9,7,9,11,),
1176: (-1,0,1,2,1,3,2,5,5,6,7,10,11,9,),
1177: (-1,0,1,0,0,4,2,4,6,5,7,8,10,10,),
1179: (-1,0,1,0,2,2,3,5,4,7,7,7,10,11,),
1180: (-1,0,0,0,1,2,4,5,4,5,9,7,8,12,),
1181: (-1,0,1,2,2,4,5,3,4,8,8,8,10,11,),
1182: (-1,0,1,1,3,4,5,6,7,8,7,7,11,10,),
1183: (-1,0,1,2,0,3,4,3,4,8,9,7,9,12,),
1184: (-1,0,0,1,1,2,4,4,5,7,6,9,10,10,),
1185: (-1,0,0,0,1,1,2,5,4,6,6,10,10,11,),
1186: (-1,0,0,0,2,1,3,3,6,8,6,10,9,10,),
1187: (-1,0,1,2,0,4,5,3,6,6,6,10,8,10,),
1189: (-1,0,0,1,3,1,4,3,6,7,9,7,11,9,),
1190: (-1,0,1,2,1,3,4,6,6,7,6,10,8,9,),
1191: (-1,0,1,0,3,1,2,6,7,7,9,10,10,12,),
1192: (-1,0,0,1,3,2,3,3,6,5,9,10,8,12,),
1193: (-1,0,1,0,1,3,4,3,6,7,8,10,8,9,),
1194: (-1,0,1,2,3,3,2,4,7,6,7,8,10,10,),
1195: (-1,0,1,0,2,2,2,3,7,6,9,10,11,12,),
1196: (-1,0,1,0,3,1,2,3,7,5,8,10,10,9,),
1197: (-1,0,0,0,3,1,2,3,6,5,8,9,8,11,),
1198: (-1,0,1,2,2,3,2,4,6,6,8,10,9,9,),
1199: (-1,0,1,1,3,4,3,3,6,7,8,7,9,10,),
1200: (-1,0,0,2,1,4,3,4,6,6,8,10,9,9,),
1201: (-1,0,1,2,3,2,5,5,5,6,7,7,10,9,),
1202: (-1,0,0,2,3,2,2,5,7,8,6,9,10,9,),
1203: (-1,0,1,1,3,2,4,4,6,5,8,8,10,9,),
1204: (-1,0,0,0,3,4,4,3,7,7,6,8,10,9,),
1205: (-1,0,1,0,1,4,2,5,5,5,6,7,8,12,),
1206: (-1,0,1,2,2,3,4,6,6,8,8,10,10,9,),
1207: (-1,0,0,2,0,1,2,5,7,5,6,7,10,11,),
1208: (-1,0,0,2,0,3,5,3,7,6,6,9,11,12,),
1209: (-1,0,0,0,1,1,4,3,5,5,6,7,9,9,),
1211: (-1,0,0,2,2,2,3,5,5,7,8,10,11,10,),
1212: (-1,0,1,2,1,1,3,5,7,5,6,8,9,12,),
1213: (-1,0,0,0,1,3,2,5,5,6,7,9,10,10,),
1214: (-1,0,1,2,1,2,2,3,6,5,6,8,9,11,),
1215: (-1,0,1,2,3,4,4,4,5,7,7,9,9,12,),
1216: (-1,0,0,2,2,4,3,4,4,6,9,8,10,11,),
1217: (-1,0,1,0,1,2,3,4,6,5,8,9,8,9,),
1218: (-1,0,0,2,2,4,4,3,7,8,8,9,10,9,),
1219: (-1,0,0,1,3,3,2,6,7,8,9,7,10,9,),
1220: (-1,0,0,2,2,4,3,3,4,5,8,7,11,11,),
1221: (-1,0,1,2,1,4,5,6,6,8,8,10,9,9,),
1222: (-1,0,1,0,1,3,5,5,6,8,7,10,9,9,),
1223: (-1,0,0,2,3,4,2,5,7,8,8,9,11,11,),
1224: (-1,0,1,0,1,3,5,3,4,6,8,10,10,9,),
1225: (-1,0,1,1,2,2,5,4,7,8,7,10,8,11,),
1226: (-1,0,0,1,1,2,2,4,5,7,9,7,8,10,),
1227: (-1,0,0,2,1,4,2,4,7,6,6,7,10,12,),
1228: (-1,0,0,2,0,4,3,3,5,8,8,10,11,12,),
1229: (-1,0,1,1,0,1,4,6,5,7,9,7,11,10,),
1230: (-1,0,0,1,2,4,5,5,6,5,7,7,9,9,),
1231: (-1,0,1,2,1,4,3,4,7,7,9,8,10,10,),
1232: (-1,0,0,2,2,4,3,4,4,5,8,7,10,10,),
1233: (-1,0,1,1,1,4,3,5,4,7,8,10,8,12,),
1235: (-1,0,0,0,2,1,5,5,7,8,7,9,10,10,),
1236: (-1,0,0,0,0,2,5,5,7,5,8,8,8,),
1237: (-1,0,1,2,2,3,4,6,7,6,8,8,10,10,),
1239: (-1,0,1,0,2,1,3,3,7,8,9,8,9,12,),
1240: (-1,0,0,1,2,4,5,3,6,8,9,7,9,9,),
1241: (-1,0,0,0,1,1,4,3,4,7,9,9,8,12,),
1242: (-1,0,0,1,0,2,3,5,7,6,7,9,11,11,),
1243: (-1,0,0,0,2,3,5,3,5,7,8,10,9,10,),
1244: (-1,0,0,0,3,4,4,3,7,6,8,7,10,9,),
1245: (-1,0,1,0,0,2,2,4,4,8,9,10,9,12,),
1247: (-1,0,0,0,1,2,5,5,7,7,8,7,10,9,),
1248: (-1,0,1,0,1,3,3,6,6,5,7,7,8,12,),
1249: (-1,0,1,2,0,3,3,6,5,8,8,7,8,12,),
1250: (-1,0,0,2,2,3,2,3,4,8,6,7,11,11,),
1251: (-1,0,1,0,0,3,2,4,6,6,6,9,9,11,),
1252: (-1,0,0,0,3,3,4,5,4,6,9,9,10,12,),
1253: (-1,0,0,0,3,3,2,4,4,6,8,10,9,10,),
1254: (-1,0,1,1,1,2,3,6,4,5,8,7,9,9,),
1255: (-1,0,0,0,3,3,2,5,7,5,7,7,11,10,),
1256: (-1,0,1,0,2,4,3,6,7,6,7,7,9,12,),
1257: (-1,0,0,1,3,4,2,4,6,6,6,7,8,11,),
1258: (-1,0,0,2,2,3,2,3,4,6,8,10,11,11,),
1259: (-1,0,0,0,1,2,5,4,4,5,6,9,9,12,),
1260: (-1,0,0,0,3,4,3,5,4,7,6,10,9,9,),
1261: (-1,0,0,1,2,1,2,3,6,6,7,10,9,10,),
1262: (-1,0,0,0,3,4,3,3,4,6,6,7,10,9,),
1263: (-1,0,0,0,1,2,4,5,6,6,6,8,8,10,),
1264: (-1,0,1,0,0,1,4,3,4,8,7,7,9,12,),
1265: (-1,0,1,1,1,4,4,3,6,7,6,10,8,11,),
1266: (-1,0,1,1,1,4,2,6,5,7,7,8,10,12,),
1267: (-1,0,0,2,0,3,2,6,5,7,7,8,8,10,),
1268: (-1,0,0,0,0,2,5,5,5,5,9,10,10,),
1269: (-1,0,1,0,2,1,4,6,6,7,8,9,8,9,),
1270: (-1,0,0,2,2,1,5,5,4,8,9,9,8,12,),
1271: (-1,0,1,1,3,3,3,4,6,6,8,10,8,9,),
1272: (-1,0,1,2,0,1,5,5,7,8,8,10,11,11,),
1273: (-1,0,0,2,1,4,5,3,5,8,9,9,10,9,),
1274: (-1,0,1,2,3,3,3,6,7,6,6,10,9,11,),
1275: (-1,0,0,1,2,2,2,4,7,5,9,8,11,11,),
1276: (-1,0,1,1,0,1,5,3,4,7,6,7,8,10,),
1277: (-1,0,1,2,2,4,2,5,7,5,6,9,9,10,),
1278: (-1,0,1,2,0,1,2,6,7,5,8,9,8,9,),
1279: (-1,0,0,0,2,4,5,6,4,5,7,9,9,10,),
1281: (-1,0,1,1,1,2,5,3,7,5,6,10,9,12,),
1282: (-1,0,0,2,0,2,3,5,5,7,9,7,11,9,),
1283: (-1,0,1,2,0,1,4,5,5,5,8,9,11,11,),
1284: (-1,0,0,1,2,2,2,6,4,8,6,7,10,10,),
1285: (-1,0,1,2,3,3,3,5,5,8,9,7,10,9,),
1287: (-1,0,0,1,1,4,2,6,7,5,7,7,8,12,),
1288: (-1,0,1,0,1,1,3,3,4,7,9,8,10,11,),
1289: (-1,0,1,1,3,2,2,4,4,8,7,9,10,9,),
1290: (-1,0,1,1,3,4,4,3,6,7,6,7,8,10,),
1291: (-1,0,1,2,1,1,4,4,6,6,8,8,11,10,),
1292: (-1,0,0,1,2,2,3,4,7,5,6,10,10,10,),
1293: (-1,0,0,2,1,4,2,5,7,7,7,10,10,9,),
1294: (-1,0,0,0,1,1,5,4,7,6,6,7,8,12,),
1295: (-1,0,0,0,2,4,2,3,7,8,9,9,11,9,),
1296: (-1,0,0,0,0,3,2,3,5,7,6,7,9,12,),
1297: (-1,0,0,2,1,3,5,5,5,5,7,7,8,9,),
1298: (-1,0,0,1,3,2,3,3,4,5,9,8,9,11,),
1299: (-1,0,1,2,3,3,3,5,5,5,6,10,11,9,),
1300: (-1,0,0,0,2,2,5,6,4,7,6,8,9,9,),
1301: (-1,0,0,1,1,4,4,4,7,6,8,9,8,11,),
1302: (-1,0,1,1,0,4,4,5,6,5,8,9,8,11,),
1303: (-1,0,0,1,1,1,4,5,4,5,9,10,11,10,),
1304: (-1,0,0,2,1,1,5,5,4,6,8,9,8,9,),
1305: (-1,0,0,2,0,3,4,4,4,5,9,10,9,12,),
1306: (-1,0,1,0,1,1,2,4,5,5,9,8,8,9,),
1307: (-1,0,0,2,2,1,3,3,4,7,7,7,10,10,),
1308: (-1,0,1,1,1,2,3,3,5,6,7,7,8,9,),
1309: (-1,0,0,2,3,1,3,5,5,8,9,10,8,10,),
1310: (-1,0,1,1,0,4,5,6,7,8,9,8,8,10,),
1311: (-1,0,0,2,1,1,5,4,5,7,9,10,9,9,),
1312: (-1,0,0,0,1,4,5,3,6,7,8,9,9,9,),
1313: (-1,0,0,0,2,4,2,3,5,8,8,8,10,12,),
1314: (-1,0,1,0,1,3,5,3,6,7,7,8,11,11,),
1315: (-1,0,0,1,2,1,3,3,7,7,8,8,9,9,),
1317: (-1,0,0,0,1,4,2,4,4,8,6,7,10,10,),
1318: (-1,0,1,0,0,2,3,5,7,8,6,8,8,10,),
1319: (-1,0,1,2,2,1,5,5,5,8,7,7,9,12,),
1320: (-1,0,1,2,1,1,3,3,6,7,9,10,8,11,),
1321: (-1,0,0,0,0,1,3,3,6,5,9,7,10,10,),
1322: (-1,0,1,1,2,4,4,6,6,6,7,7,8,9,),
1323: (-1,0,0,1,0,4,3,5,6,8,8,10,8,10,),
1324: (-1,0,0,2,2,3,4,6,4,7,7,7,10,12,),
1325: (-1,0,0,0,0,3,2,3,5,7,9,7,9,11,),
1326: (-1,0,1,2,0,3,2,5,4,8,9,10,10,10,),
1327: (-1,0,0,2,2,4,2,5,7,7,6,8,10,10,),
1328: (-1,0,1,0,2,4,5,4,6,5,8,9,9,9,),
1329: (-1,0,1,2,1,1,2,4,5,7,7,8,11,12,),
1330: (-1,0,1,2,3,1,2,6,6,6,9,9,10,11,),
1331: (-1,0,0,2,3,4,2,4,7,8,9,8,10,10,),
1333: (-1,0,0,0,3,3,4,5,5,5,6,9,9,11,),
1334: (-1,0,0,0,1,1,4,5,5,7,8,9,8,9,),
1335: (-1,0,0,0,1,4,5,6,5,5,6,9,10,9,),
1336: (-1,0,1,2,2,4,3,5,6,5,6,9,11,11,),
1337: (-1,0,1,2,2,2,4,5,7,8,6,8,10,10,),
1339: (-1,0,1,0,2,1,3,6,4,7,6,10,10,10,),
1340: (-1,0,0,1,0,2,4,3,4,6,9,9,8,9,),
1341: (-1,0,1,0,0,4,5,3,4,5,8,8,8,10,),
1343: (-1,0,0,0,0,1,2,6,5,5,7,7,10,9,),
1344: (-1,0,1,0,2,2,2,5,7,8,7,7,10,11,),
1345: (-1,0,0,1,2,2,5,6,4,5,8,10,10,10,),
1346: (-1,0,1,1,0,4,2,6,6,7,8,8,8,9,),
1347: (-1,0,1,0,3,4,4,3,5,8,8,9,8,11,),
1348: (-1,0,1,2,0,2,5,3,5,5,9,7,10,10,),
1349: (-1,0,0,1,3,3,3,3,7,6,6,9,11,10,),
1350: (-1,0,1,2,1,1,5,3,6,8,6,10,9,10,),
1351: (-1,0,1,1,3,4,4,3,7,8,8,9,8,12,),
1352: (-1,0,0,1,2,4,3,5,7,6,9,7,9,9,),
1353: (-1,0,0,2,2,1,5,5,4,5,8,10,10,9,),
1354: (-1,0,1,0,1,3,3,4,6,7,8,7,10,10,),
1355: (-1,0,0,1,3,4,4,5,4,5,9,10,10,9,),
1356: (-1,0,1,0,2,3,2,3,4,5,8,8,9,9,),
1357: (-1,0,0,1,2,2,3,5,4,5,8,8,8,9,),
1358: (-1,0,1,0,3,1,3,4,7,6,7,9,11,11,),
1359: (-1,0,0,1,1,3,3,6,4,7,7,7,9,9,),
1360: (-1,0,0,0,0,4,4,5,6,8,6,8,11,9,),
1361: (-1,0,1,1,0,3,2,3,4,7,7,9,9,9,),
1363: (-1,0,1,1,3,4,3,4,7,7,7,9,10,10,),
1364: (-1,0,1,1,3,4,3,3,4,7,6,10,9,9,),
1365: (-1,0,0,0,0,3,5,4,4,7,7,9,8,9,),
1366: (-1,0,0,1,3,2,2,4,7,7,8,9,9,9,),
1367: (-1,0,1,2,1,1,4,4,4,8,6,9,9,12,),
1368: (-1,0,1,0,1,1,3,6,7,7,8,7,9,11,),
1369: (-1,0,0,2,3,4,4,3,4,5,8,9,8,9,),
1370: (-1,0,1,0,3,4,5,3,7,6,7,7,9,9,),
1371: (-1,0,1,2,0,4,2,4,6,6,8,8,8,11,),
1372: (-1,0,0,1,3,3,5,6,5,5,9,8,9,9,),
1373: (-1,0,0,1,1,1,5,5,5,7,6,8,11,11,),
1374: (-1,0,1,1,3,1,4,4,6,6,9,7,11,10,),
1375: (-1,0,1,1,2,2,2,6,7,5,7,7,8,10,),
1376: (-1,0,1,1,1,4,5,4,7,7,7,8,9,10,),
1377: (-1,0,1,1,3,3,2,4,7,7,8,8,8,9,),
1378: (-1,0,0,0,0,3,5,6,7,8,8,9,10,9,),
1379: (-1,0,1,2,0,1,3,3,6,6,9,7,9,9,),
1380: (-1,0,1,2,0,2,5,3,5,7,8,10,10,10,),
1381: (-1,0,1,0,1,2,3,6,6,5,8,9,9,9,),
1383: (-1,0,1,1,0,1,5,5,4,6,9,9,11,11,),
1385: (-1,0,0,2,2,3,2,6,4,5,6,10,10,10,),
1386: (-1,0,1,2,0,2,2,4,7,7,8,10,9,9,),
1387: (-1,0,0,0,0,1,3,6,4,8,8,7,8,9,),
1389: (-1,0,0,1,3,4,4,5,5,5,9,9,8,9,),
1390: (-1,0,0,1,3,3,3,5,7,7,8,9,10,10,),
1391: (-1,0,1,1,2,2,2,6,6,6,8,7,8,12,),
1392: (-1,0,0,0,0,2,5,6,5,8,7,10,8,11,),
1393: (-1,0,1,2,0,4,2,4,4,7,7,7,10,11,),
1394: (-1,0,0,1,0,3,5,5,5,7,9,8,9,11,),
1395: (-1,0,1,2,2,2,2,4,5,8,6,10,10,9,),
1397: (-1,0,1,2,3,1,5,3,6,5,9,9,11,9,),
1398: (-1,0,1,2,3,1,2,6,4,6,9,7,9,9,),
1399: (-1,0,1,1,3,4,4,3,4,6,7,7,9,11,),
1400: (-1,0,0,1,1,2,3,4,7,7,7,8,11,11,),
1401: (-1,0,0,1,0,4,2,4,6,8,9,9,8,9,),
1402: (-1,0,1,1,2,3,4,5,4,7,7,7,11,12,),
1403: (-1,0,1,0,2,2,2,3,7,8,6,8,8,12,),
1404: (-1,0,1,1,1,4,2,5,5,6,8,9,10,9,),
1405: (-1,0,0,1,0,2,3,3,6,7,9,9,8,9,),
1406: (-1,0,1,2,3,3,4,6,6,7,9,8,9,9,),
1407: (-1,0,1,0,0,4,4,6,4,6,6,9,9,11,),
1408: (-1,0,1,1,1,1,2,5,7,8,6,10,11,12,),
1409: (-1,0,1,1,1,2,5,5,7,6,6,10,11,10,),
1410: (-1,0,0,2,1,4,2,4,4,8,6,9,10,9,),
1411: (-1,0,1,2,2,1,4,3,7,7,6,9,9,9,),
1412: (-1,0,0,0,0,3,5,5,6,8,8,10,9,11,),
1413: (-1,0,1,0,1,3,3,6,7,7,8,7,9,9,),
1414: (-1,0,1,1,3,3,4,3,5,7,8,8,9,9,),
1415: (-1,0,1,2,2,2,2,5,5,5,6,7,8,11,),
1416: (-1,0,1,2,1,3,4,6,7,8,6,9,9,9,),
1417: (-1,0,0,0,0,4,2,3,5,6,9,8,9,9,),
1418: (-1,0,1,2,3,4,2,6,6,6,6,8,11,12,),
1419: (-1,0,1,2,2,1,2,5,7,8,9,10,10,9,),
1420: (-1,0,0,1,0,3,3,3,5,8,7,10,9,10,),
1421: (-1,0,1,1,0,4,5,5,4,5,7,9,11,11,),
1422: (-1,0,0,0,1,4,5,5,5,8,8,9,10,10,),
1423: (-1,0,0,1,3,4,5,5,5,5,8,8,10,11,),
1424: (-1,0,0,0,0,2,5,6,7,6,8,8,9,12,),
1425: (-1,0,0,1,2,2,2,5,4,7,8,8,8,12,),
1426: (-1,0,1,1,2,1,4,3,4,6,7,9,10,9,),
1427: (-1,0,1,1,1,2,2,3,5,6,9,9,10,9,),
1428: (-1,0,0,1,1,3,4,4,7,6,7,9,9,9,),
1429: (-1,0,1,1,1,4,4,5,5,8,9,9,10,12,),
1430: (-1,0,1,0,0,2,5,5,4,6,8,8,8,9,),
1431: (-1,0,1,2,2,1,2,4,7,5,9,7,8,9,),
1432: (-1,0,0,0,1,4,5,5,7,6,8,8,8,9,),
1433: (-1,0,1,1,1,1,2,4,6,5,7,8,8,10,),
1434: (-1,0,1,0,2,2,2,5,5,7,8,8,9,9,),
1435: (-1,0,1,2,1,1,4,3,7,8,7,7,8,9,),
1436: (-1,0,0,0,1,4,3,4,4,6,7,9,10,10,),
1437: (-1,0,1,1,1,2,5,6,7,8,7,9,11,11,),
1439: (-1,0,1,2,1,1,2,5,7,5,9,7,10,9,),
1441: (-1,0,1,1,3,3,5,3,4,6,9,7,9,9,),
1442: (-1,0,1,0,0,1,3,3,4,8,8,10,8,11,),
1443: (-1,0,0,0,2,1,4,4,5,8,8,9,8,9,),
1444: (-1,0,1,1,3,4,3,3,4,7,6,7,10,10,),
1445: (-1,0,1,0,1,3,3,3,6,6,7,10,9,10,),
1446: (-1,0,1,2,3,1,5,4,6,8,6,9,9,9,),
1447: (-1,0,0,1,2,2,2,6,6,6,9,10,11,10,),
1448: (-1,0,1,0,3,3,3,6,7,8,8,8,10,12,),
1449: (-1,0,0,2,0,2,2,4,6,8,8,9,11,11,),
1450: (-1,0,1,1,2,4,2,3,6,7,6,9,9,9,),
1451: (-1,0,0,0,1,4,5,5,5,5,6,9,9,11,),
1452: (-1,0,0,0,0,3,2,4,7,5,6,10,10,10,),
1453: (-1,0,1,1,1,3,3,5,7,6,7,9,9,12,),
1454: (-1,0,0,0,0,4,4,5,4,7,6,7,8,12,),
1455: (-1,0,1,1,2,1,4,3,4,6,7,7,11,11,),
1456: (-1,0,1,2,1,3,3,3,6,8,6,10,8,11,),
1457: (-1,0,0,2,0,4,2,5,6,8,6,9,9,9,),
1459: (-1,0,1,0,1,1,5,6,5,6,8,9,8,9,),
1461: (-1,0,1,1,1,2,2,6,6,6,9,10,8,12,),
1463: (-1,0,1,1,1,1,2,3,5,8,9,9,11,11,),
1464: (-1,0,1,2,0,2,4,3,7,6,7,7,9,9,),
1465: (-1,0,1,2,3,2,5,6,7,7,7,7,10,12,),
1466: (-1,0,1,1,0,4,5,4,5,8,6,8,8,10,),
1467: (-1,0,1,1,2,1,2,6,6,8,8,8,10,9,),
1469: (-1,0,1,2,0,3,5,5,5,6,8,10,10,10,),
1471: (-1,0,1,1,2,2,5,4,4,5,8,9,9,9,),
1472: (-1,0,1,1,1,1,3,6,5,7,8,10,8,12,),
1473: (-1,0,1,1,3,3,3,5,6,8,8,8,11,12,),
1474: (-1,0,0,0,2,4,4,5,7,8,8,7,8,11,),
1475: (-1,0,1,1,1,4,3,6,6,8,9,8,8,10,),
1477: (-1,0,1,1,1,1,2,3,6,8,8,7,10,11,),
1478: (-1,0,1,2,0,4,3,5,6,8,9,9,9,9,),
1479: (-1,0,0,1,0,3,5,3,6,8,8,10,10,10,),
1480: (-1,0,0,2,0,3,5,5,5,5,7,10,9,12,),
1481: (-1,0,0,1,1,1,2,6,7,8,9,9,11,9,),
1482: (-1,0,0,0,0,4,5,5,7,7,8,9,10,9,),
1483: (-1,0,0,2,3,4,3,5,6,8,8,8,8,11,),
1485: (-1,0,1,1,1,1,4,3,4,7,7,8,10,9,),
1486: (-1,0,1,0,2,4,5,3,6,5,9,9,9,9,),
1487: (-1,0,1,1,1,1,4,5,5,6,9,9,11,10,),
1488: (-1,0,1,1,1,1,5,5,6,8,9,7,11,10,),
1489: (-1,0,0,2,0,2,3,4,7,7,8,10,10,10,),
1490: (-1,0,1,2,3,2,2,4,6,5,6,9,9,9,),
1491: (-1,0,1,1,2,3,2,3,5,8,9,9,8,9,),
1493: (-1,0,1,0,1,1,3,3,6,6,6,9,8,11,),
1494: (-1,0,1,1,3,1,4,4,4,6,9,10,8,12,),
1495: (-1,0,0,0,2,2,2,6,7,6,6,10,11,11,),
1496: (-1,0,1,1,0,2,2,4,4,5,6,9,9,9,),
1497: (-1,0,0,0,0,2,2,3,4,7,9,10,10,10,),
1498: (-1,0,1,1,2,1,4,4,7,8,8,9,9,10,),
1499: (-1,0,0,0,2,2,2,6,4,6,6,8,8,10,),
1500: (-1,0,1,0,3,1,3,3,5,5,9,8,10,10,),
1501: (-1,0,1,1,1,4,5,4,5,7,7,10,11,10,),
1502: (-1,0,0,2,3,3,3,3,5,8,8,9,10,12,),
1503: (-1,0,0,2,2,4,4,4,4,7,7,9,9,11,),
1504: (-1,0,0,2,2,4,4,3,4,6,9,10,10,10,),
1505: (-1,0,0,0,0,3,5,5,6,5,6,7,10,12,),
1506: (-1,0,0,0,3,4,3,4,6,8,6,10,10,10,),
1507: (-1,0,1,1,3,3,3,3,7,7,7,8,10,9,),
1508: (-1,0,1,1,1,1,3,6,4,7,9,7,8,10,),
1509: (-1,0,1,0,2,2,3,3,5,5,8,10,10,10,),
1510: (-1,0,0,2,1,2,2,5,4,5,7,9,9,9,),
1511: (-1,0,1,2,2,4,2,4,6,8,8,8,11,11,),
1513: (-1,0,0,1,1,1,3,3,6,7,8,9,9,9,),
1514: (-1,0,0,2,1,4,4,4,4,5,6,9,9,10,),
1515: (-1,0,1,1,1,1,5,4,5,5,8,10,9,12,),
1517: (-1,0,0,0,3,4,3,3,7,7,7,8,11,11,),
1519: (-1,0,0,0,2,4,4,6,6,7,7,9,9,9,),
1520: (-1,0,0,2,2,2,2,3,4,5,6,9,9,9,),
1521: (-1,0,0,0,0,1,5,5,5,8,7,7,9,10,),
1523: (-1,0,0,0,0,1,3,3,7,6,6,9,9,9,),
1527: (-1,0,1,2,3,1,2,5,5,8,8,8,8,11,),
1528: (-1,0,1,1,3,1,4,3,7,8,8,8,9,12,),
1529: (-1,0,0,0,3,4,4,4,4,7,6,7,10,11,),
1531: (-1,0,1,1,1,4,4,4,6,8,6,8,10,12,),
1532: (-1,0,0,2,3,3,2,3,6,8,8,7,8,11,),
1533: (-1,0,1,1,1,4,5,4,7,5,8,9,8,9,),
1534: (-1,0,1,1,1,4,5,4,4,8,7,10,8,10,),
1535: (-1,0,1,1,3,1,5,4,5,8,9,10,10,10,),
1536: (-1,0,0,1,3,4,4,4,4,6,9,10,9,11,),
1537: (-1,0,0,0,0,4,4,5,6,6,6,10,10,12,),
1539: (-1,0,1,1,2,4,4,4,4,6,7,7,9,12,),
1541: (-1,0,1,2,0,4,4,4,4,7,9,10,11,11,),
1542: (-1,0,1,1,1,1,2,6,4,8,8,9,11,12,),
1543: (-1,0,1,1,1,3,2,6,6,7,6,8,9,9,),
1544: (-1,0,0,1,0,2,3,4,5,6,9,9,9,9,),
1545: (-1,0,0,1,2,4,4,4,7,8,9,7,9,9,),
1546: (-1,0,1,1,1,1,4,6,5,5,7,8,9,9,),
1547: (-1,0,0,0,0,4,4,5,4,7,8,8,8,11,),
1548: (-1,0,0,2,2,1,5,6,7,7,7,7,11,12,),
1549: (-1,0,0,2,1,1,5,6,6,6,6,10,10,12,),
1550: (-1,0,1,1,1,1,5,5,6,8,6,7,9,10,),
1551: (-1,0,1,1,1,2,4,4,7,7,7,7,11,9,),
1553: (-1,0,0,2,2,2,2,6,6,7,6,8,8,10,),
1554: (-1,0,1,0,3,3,3,3,6,8,6,10,8,11,),
1555: (-1,0,0,0,0,4,4,6,7,7,6,7,11,12,),
1556: (-1,0,1,1,1,4,5,5,5,6,8,7,10,10,),
1557: (-1,0,0,0,3,4,4,4,4,5,6,10,8,10,),
1558: (-1,0,1,0,2,1,3,6,7,5,9,9,9,9,),
1559: (-1,0,1,2,2,2,2,6,7,8,8,7,9,12,),
1560: (-1,0,1,1,1,1,3,3,6,5,7,10,9,10,),
1561: (-1,0,1,2,1,2,2,5,5,6,7,10,10,10,),
1562: (-1,0,0,0,0,3,5,5,5,7,7,10,9,11,),
1563: (-1,0,0,0,3,3,2,6,7,8,8,8,8,11,),
1564: (-1,0,1,1,1,3,5,3,6,7,7,7,8,12,),
1565: (-1,0,1,1,2,1,3,5,7,5,7,9,9,9,),
1567: (-1,0,1,1,1,1,5,5,7,6,6,8,9,11,),
1569: (-1,0,1,1,2,1,5,4,7,7,7,8,11,11,),
1571: (-1,0,1,1,1,1,5,6,6,5,7,10,11,12,),
1573: (-1,0,1,1,2,4,5,4,4,7,6,10,10,10,),
1574: (-1,0,1,2,0,1,3,6,4,5,9,9,9,9,),
1575: (-1,0,1,2,3,1,5,4,7,7,9,9,9,9,),
1576: (-1,0,1,0,1,1,3,6,7,7,9,8,9,9,),
1577: (-1,0,1,2,0,2,3,6,4,7,9,9,9,9,),
1578: (-1,0,1,2,0,2,4,3,7,6,9,9,9,9,),
1579: (-1,0,1,1,2,1,5,6,6,5,6,8,11,11,),
1581: (-1,0,1,1,0,4,5,5,5,7,9,10,9,9,),
1582: (-1,0,1,0,3,1,4,5,7,5,9,9,9,9,),
1583: (-1,0,1,2,1,3,2,5,5,8,8,8,8,12,),
1584: (-1,0,1,1,1,1,5,6,5,7,6,8,11,9,),
1585: (-1,0,1,1,1,1,2,6,6,5,8,9,8,12,),
1586: (-1,0,1,1,1,1,3,3,4,6,8,7,8,9,),
1587: (-1,0,1,1,3,4,3,3,4,7,7,10,10,10,),
1588: (-1,0,1,2,3,3,3,3,7,8,9,9,8,12,),
1589: (-1,0,0,1,0,3,5,5,5,6,9,8,9,9,),
1590: (-1,0,1,0,1,3,3,3,4,8,7,10,8,10,),
1591: (-1,0,1,1,3,4,4,4,4,7,9,8,9,12,),
1592: (-1,0,0,0,0,4,4,6,5,5,9,9,8,9,),
1593: (-1,0,1,1,0,1,3,6,7,7,8,10,10,10,),
1595: (-1,0,0,1,3,1,3,6,4,8,9,9,9,9,),
1596: (-1,0,1,0,3,2,5,6,4,7,8,10,9,11,13,),
1598: (-1,0,0,0,0,4,5,4,4,7,7,7,8,12,),
1599: (-1,0,0,2,3,2,4,4,4,7,7,10,10,10,),
1600: (-1,0,1,1,1,2,5,6,7,5,7,10,11,11,),
1601: (-1,0,1,1,1,1,2,6,4,5,6,8,11,11,),
1603: (-1,0,1,2,2,1,2,5,5,8,9,9,9,10,),
1605: (-1,0,0,1,0,1,4,6,6,6,6,8,11,12,),
1606: (-1,0,1,0,2,4,3,6,6,8,9,9,9,9,),
1607: (-1,0,0,1,1,4,4,5,6,5,9,9,9,9,),
1608: (-1,0,1,1,1,2,4,5,7,6,7,9,9,9,),
1609: (-1,0,1,2,2,2,2,6,7,7,9,10,8,10,),
1610: (-1,0,1,1,1,4,5,5,4,6,9,8,8,9,),
1611: (-1,0,1,1,2,2,5,5,5,5,8,7,10,10,),
1612: (-1,0,0,2,0,1,4,6,6,6,8,10,10,10,),
1613: (-1,0,0,1,1,1,3,5,4,7,9,9,9,9,),
1615: (-1,0,0,0,2,2,2,6,6,6,8,9,9,9,),
1616: (-1,0,1,1,1,1,4,6,4,7,8,8,9,12,),
1617: (-1,0,1,1,1,1,3,4,6,8,8,10,11,11,),
1618: (-1,0,0,0,3,3,4,4,5,5,7,10,10,10,),
1619: (-1,0,1,1,3,3,4,6,6,6,6,8,8,12,),
1620: (-1,0,1,1,1,1,4,6,4,7,9,10,8,10,),
1621: (-1,0,1,1,2,1,4,6,6,5,7,9,9,9,),
1623: (-1,0,1,2,2,2,5,5,5,7,9,9,10,9,),
1625: (-1,0,0,1,3,2,4,5,4,5,9,9,9,9,),
1626: (-1,0,1,1,1,1,4,6,7,8,6,7,10,9,),
1627: (-1,0,0,1,0,3,3,4,4,8,8,8,8,9,),
1628: (-1,0,1,1,1,4,5,5,4,5,8,8,10,11,),
1629: (-1,0,0,0,2,2,3,4,6,7,9,9,9,9,),
1631: (-1,0,1,1,1,1,2,4,6,7,6,7,8,9,),
1632: (-1,0,1,1,1,1,5,5,5,5,6,7,8,9,),
1633: (-1,0,1,0,1,3,5,5,7,8,8,8,8,10,),
1635: (-1,0,0,0,0,4,4,5,5,5,8,8,10,10,),
1637: (-1,0,0,2,2,2,2,3,4,8,6,8,8,10,),
1639: (-1,0,1,2,0,2,2,6,7,7,7,7,11,9,),
1640: (-1,0,0,1,0,2,4,5,4,6,9,9,9,9,),
1643: (-1,0,1,1,1,1,2,4,5,6,8,8,8,12,),
1644: (-1,0,1,2,3,2,5,5,4,8,9,9,9,9,),
1645: (-1,0,1,1,1,1,2,6,7,7,8,9,8,11,),
1647: (-1,0,1,1,1,1,5,5,4,5,9,10,10,11,),
1648: (-1,0,1,1,1,1,2,4,6,6,7,7,11,10,),
1649: (-1,0,1,1,2,1,2,6,6,8,7,10,10,10,),
1651: (-1,0,0,1,2,4,5,3,7,6,7,10,8,9,13,),
1652: (-1,0,1,1,1,1,5,6,5,6,7,7,8,9,),
1653: (-1,0,1,1,1,1,2,3,7,6,7,9,11,9,),
1655: (-1,0,1,1,1,1,3,6,6,5,6,8,11,10,),
1657: (-1,0,1,1,0,2,4,6,4,8,9,9,9,9,),
1658: (-1,0,1,1,1,1,5,5,6,5,7,7,8,9,),
1659: (-1,0,0,1,3,4,2,5,4,6,7,8,10,9,13,),
1660: (-1,0,1,2,2,4,3,6,7,5,9,10,8,11,12,),
1661: (-1,0,1,1,1,4,5,6,6,6,6,9,11,10,),
1662: (-1,0,1,1,1,2,5,3,5,5,6,7,10,10,),
1663: (-1,0,0,0,3,4,2,5,4,7,9,9,9,9,),
1664: (-1,0,1,1,3,1,4,4,4,7,8,10,9,9,),
1665: (-1,0,1,1,1,1,5,6,4,6,6,9,8,10,),
1667: (-1,0,0,2,2,2,2,5,7,6,6,9,9,9,),
1668: (-1,0,0,0,0,2,5,5,4,7,8,9,9,9,),
1669: (-1,0,0,0,0,1,5,4,7,8,8,8,8,10,),
1671: (-1,0,1,1,1,4,2,6,6,6,6,8,8,9,),
1672: (-1,0,1,2,2,4,3,5,5,8,9,9,9,9,),
1673: (-1,0,1,1,1,2,5,5,5,5,6,8,8,9,),
1674: (-1,0,0,2,3,3,4,6,7,5,8,10,9,11,12,),
1675: (-1,0,1,1,2,4,5,5,5,5,9,9,9,11,),
1676: (-1,0,1,0,3,2,5,5,4,7,6,10,9,12,13,),
1677: (-1,0,1,1,0,4,4,4,6,8,9,10,10,10,),
1679: (-1,0,1,2,2,2,2,4,5,7,7,7,10,10,),
1680: (-1,0,0,1,2,4,5,3,4,6,8,7,11,12,10,),
1682: (-1,0,1,1,1,3,5,3,7,7,7,9,11,11,),
1683: (-1,0,1,1,0,1,4,4,7,7,7,7,9,10,),
1685: (-1,0,0,1,2,3,5,4,7,6,8,10,11,11,12,),
1687: (-1,0,1,1,1,4,2,5,5,8,8,8,8,12,),
1688: (-1,0,1,1,1,1,3,6,6,6,9,7,8,10,),
1689: (-1,0,1,1,1,1,4,6,6,7,9,10,10,12,),
1691: (-1,0,1,1,1,3,3,6,7,6,6,10,10,10,),
1692: (-1,0,1,1,1,3,5,3,7,5,7,7,9,12,),
1693: (-1,0,1,1,2,1,4,3,5,6,9,9,9,9,),
1694: (-1,0,0,0,1,4,4,4,4,6,8,10,10,9,),
1695: (-1,0,0,0,0,4,4,4,4,6,9,10,10,11,),
1696: (-1,0,1,0,1,3,5,5,6,8,9,9,9,9,),
1697: (-1,0,0,0,0,2,3,4,6,5,9,9,9,9,),
1698: (-1,0,1,0,2,4,3,6,4,7,8,9,11,10,13,),
1700: (-1,0,1,1,3,4,2,6,5,7,8,9,11,10,13,),
1701: (-1,0,0,2,1,4,3,6,7,5,6,8,9,11,13,),
1703: (-1,0,0,1,2,4,3,6,7,7,9,8,9,12,10,),
1704: (-1,0,1,1,2,1,2,4,4,6,7,10,10,10,),
1705: (-1,0,1,1,1,1,4,4,7,8,9,7,10,10,),
1706: (-1,0,0,1,3,4,2,5,5,6,7,9,11,10,12,),
1707: (-1,0,1,0,1,1,4,4,5,8,8,8,8,12,),
1708: (-1,0,1,2,3,1,3,4,7,7,7,7,11,12,),
1709: (-1,0,1,0,1,2,2,4,6,5,8,7,11,10,13,),
1711: (-1,0,0,2,2,2,4,4,7,7,7,7,9,9,),
1712: (-1,0,0,1,0,2,2,6,4,5,8,10,11,9,12,),
1713: (-1,0,1,0,1,3,3,3,7,8,9,8,9,9,),
1714: (-1,0,1,1,1,1,5,4,6,5,6,7,9,9,),
1715: (-1,0,1,2,0,2,3,5,5,8,6,7,10,12,13,),
1716: (-1,0,0,0,1,2,5,3,4,6,6,9,8,10,12,),
1717: (-1,0,1,2,2,3,4,6,5,8,7,9,9,12,11,),
1718: (-1,0,1,0,3,3,4,5,4,6,8,9,11,10,13,),
1719: (-1,0,1,1,1,1,5,4,6,8,8,9,8,9,),
1720: (-1,0,1,1,1,1,3,6,5,6,9,8,8,10,),
1721: (-1,0,0,2,1,3,3,5,4,6,7,8,8,11,12,),
1723: (-1,0,1,1,1,1,5,6,6,8,9,9,8,11,),
1724: (-1,0,1,0,2,3,4,4,7,8,6,7,9,11,10,),
1725: (-1,0,0,2,3,1,5,6,7,5,6,8,10,9,12,),
1727: (-1,0,0,1,2,4,4,6,5,7,9,10,9,11,12,),
1729: (-1,0,0,2,3,3,4,5,6,7,9,9,8,10,11,),
1730: (-1,0,0,0,2,4,4,4,4,7,7,10,9,10,),
1731: (-1,0,0,0,0,3,3,3,5,8,8,9,8,11,),
1732: (-1,0,1,2,0,4,4,5,6,7,7,8,11,9,10,),
1733: (-1,0,0,2,0,1,2,3,7,6,9,10,8,12,13,),
1734: (-1,0,1,2,0,4,5,6,4,5,8,7,10,9,13,),
1735: (-1,0,0,1,2,3,5,6,4,7,7,9,9,12,11,),
1736: (-1,0,0,1,3,4,5,3,7,6,9,10,11,9,13,),
1737: (-1,0,1,0,0,3,5,3,6,8,7,9,11,10,12,),
1738: (-1,0,0,2,0,4,5,3,4,8,6,7,10,12,13,),
1739: (-1,0,1,0,1,2,3,5,4,8,6,10,11,10,13,),
1740: (-1,0,1,0,3,2,4,6,7,5,9,10,11,12,12,),
1741: (-1,0,1,0,0,1,3,4,5,7,8,9,10,11,12,),
1742: (-1,0,1,2,0,2,5,4,5,6,7,8,10,9,12,),
1743: (-1,0,0,1,2,3,4,5,5,6,8,9,11,9,13,),
1744: (-1,0,1,1,1,1,4,6,4,6,9,8,8,10,),
1745: (-1,0,0,2,3,1,4,5,7,8,7,8,9,10,12,),
1747: (-1,0,0,1,1,1,3,6,6,6,6,10,10,11,),
1748: (-1,0,1,1,0,2,5,3,7,8,8,10,9,11,12,),
1749: (-1,0,1,1,2,3,3,4,5,8,6,7,10,9,11,),
1751: (-1,0,0,1,0,2,4,3,4,5,7,9,8,12,11,),
1752: (-1,0,1,0,3,4,2,6,6,8,8,9,11,10,13,),
1753: (-1,0,0,2,0,4,4,3,6,7,9,10,11,12,13,),
1754: (-1,0,0,0,1,4,2,3,7,6,7,9,8,10,13,),
1755: (-1,0,0,2,3,1,2,6,4,5,9,9,8,10,12,),
1756: (-1,0,0,1,3,2,5,4,4,5,9,7,8,10,13,),
1757: (-1,0,1,2,0,4,3,3,5,8,6,7,8,9,10,),
1759: (-1,0,1,1,3,1,4,6,6,8,8,8,8,11,),
1760: (-1,0,0,0,2,1,2,3,4,6,9,10,11,10,13,),
1761: (-1,0,1,2,2,3,5,4,6,7,9,9,11,12,13,),
1763: (-1,0,1,0,3,1,2,4,5,7,9,8,8,10,12,),
1764: (-1,0,1,1,1,1,5,6,7,8,7,7,9,12,),
1765: (-1,0,1,2,0,2,3,3,4,8,9,7,11,12,13,),
1767: (-1,0,1,1,1,1,4,3,7,8,8,10,10,10,),
1768: (-1,0,1,1,0,2,3,5,5,8,9,10,11,12,13,),
1769: (-1,0,0,2,1,2,5,3,5,8,6,10,8,9,12,),
1771: (-1,0,0,2,2,1,4,6,5,5,8,10,11,9,12,),
1772: (-1,0,0,1,0,2,5,4,4,8,7,9,8,12,11,),
1773: (-1,0,0,1,2,1,3,6,5,7,9,10,8,11,10,),
1774: (-1,0,0,1,2,4,5,3,6,8,6,7,10,11,10,),
1775: (-1,0,0,2,2,3,4,4,7,5,6,8,8,11,12,),
1776: (-1,0,0,2,3,2,2,4,6,5,7,8,11,10,12,),
1777: (-1,0,1,1,3,4,3,4,6,8,9,9,9,9,),
1778: (-1,0,1,0,0,2,2,4,6,5,8,7,11,10,13,),
1779: (-1,0,0,1,1,4,2,3,4,6,7,10,9,12,13,),
1780: (-1,0,0,2,1,3,2,5,5,6,7,8,9,10,11,),
1781: (-1,0,0,1,0,3,2,3,4,6,8,7,9,12,13,),
1782: (-1,0,0,1,2,4,4,6,7,8,8,10,9,12,11,),
1783: (-1,0,1,1,2,1,2,6,6,8,8,8,8,12,),
1784: (-1,0,1,2,0,2,5,3,7,6,8,9,8,12,13,),
1785: (-1,0,0,1,3,4,4,5,4,6,7,8,11,10,12,),
1786: (-1,0,0,1,1,4,3,6,5,5,8,7,11,10,12,),
1787: (-1,0,1,2,0,1,4,5,6,8,8,10,10,9,12,),
1788: (-1,0,1,1,1,1,5,6,4,6,6,8,9,12,),
1789: (-1,0,1,1,3,2,4,6,7,5,9,8,9,11,10,),
1791: (-1,0,1,0,3,3,2,5,4,5,7,10,9,9,12,),
1793: (-1,0,1,2,0,1,5,3,6,5,9,8,11,9,13,),
1794: (-1,0,0,0,2,3,5,4,5,6,9,7,8,12,13,),
1795: (-1,0,0,0,1,2,4,6,5,7,8,10,9,9,12,),
1796: (-1,0,0,0,1,2,4,3,4,5,8,7,9,11,10,),
1797: (-1,0,0,1,0,4,5,6,7,8,9,7,10,12,13,),
1798: (-1,0,0,1,2,3,4,3,4,6,9,7,8,12,11,),
1799: (-1,0,0,2,3,4,5,3,6,7,7,10,11,9,10,),
1800: (-1,0,1,0,2,3,4,5,7,6,6,8,8,11,12,),
1801: (-1,0,0,0,1,2,2,4,5,6,7,9,11,9,13,),
1802: (-1,0,0,2,3,4,2,6,6,8,8,9,10,12,11,),
1803: (-1,0,1,2,0,2,4,3,4,7,6,9,10,11,12,),
1804: (-1,0,1,1,0,2,2,3,5,7,9,9,8,10,11,),
1805: (-1,0,0,1,1,3,5,4,6,7,8,10,9,9,11,),
1806: (-1,0,0,2,2,1,3,4,7,6,6,10,8,11,12,),
1807: (-1,0,0,1,2,3,5,3,7,6,7,10,9,10,11,),
1808: (-1,0,1,0,3,4,5,5,6,5,7,9,9,12,11,),
1809: (-1,0,0,1,0,2,2,5,5,7,6,8,10,9,11,),
1810: (-1,0,1,2,0,3,2,6,4,8,7,9,9,10,13,),
1811: (-1,0,0,2,0,2,4,5,6,5,7,8,9,10,13,),
1812: (-1,0,0,2,1,3,4,5,7,5,8,10,9,11,11,),
1813: (-1,0,0,1,2,3,2,6,5,6,8,7,8,10,12,),
1814: (-1,0,0,0,2,4,3,5,7,8,6,8,9,12,10,),
1815: (-1,0,1,1,0,4,2,3,5,5,6,7,10,11,13,),
1817: (-1,0,1,2,3,4,5,5,6,6,9,9,10,11,12,),
1818: (-1,0,1,2,0,1,5,4,7,8,8,9,8,10,12,),
1819: (-1,0,1,0,1,2,4,3,4,8,9,7,8,10,11,),
1820: (-1,0,0,2,3,1,5,6,4,5,7,9,11,10,10,),
1821: (-1,0,1,0,2,4,3,5,6,7,9,9,11,9,13,),
1823: (-1,0,0,1,2,3,4,3,6,8,6,7,10,12,10,),
1824: (-1,0,0,2,0,1,5,3,4,8,6,7,10,12,12,),
1825: (-1,0,0,0,1,2,5,4,6,5,7,7,9,10,11,),
1826: (-1,0,1,2,2,3,4,3,7,8,6,8,9,11,12,),
1827: (-1,0,1,0,0,1,3,3,6,5,7,8,9,12,10,),
1829: (-1,0,0,0,2,3,4,4,6,7,6,8,10,9,12,),
1830: (-1,0,1,0,2,4,5,6,5,8,7,10,9,11,11,),
1831: (-1,0,0,1,2,3,4,4,5,8,7,7,10,10,13,),
1832: (-1,0,1,1,2,2,4,5,6,5,7,8,11,9,12,),
1833: (-1,0,0,2,1,1,3,6,5,5,9,10,11,10,13,),
1834: (-1,0,1,2,3,3,2,6,5,6,8,9,11,10,12,),
1835: (-1,0,0,2,0,4,4,4,7,5,6,10,9,11,12,),
1836: (-1,0,1,0,2,4,3,6,5,5,8,10,10,11,13,),
1837: (-1,0,0,2,1,4,5,3,6,8,7,10,8,11,10,),
1838: (-1,0,0,1,2,4,2,5,4,8,6,9,11,9,12,),
1839: (-1,0,0,0,1,4,2,3,6,6,8,7,8,10,12,),
1840: (-1,0,0,2,3,2,2,6,5,5,8,7,10,11,13,),
1841: (-1,0,0,1,3,3,2,3,4,5,8,10,11,12,13,),
1842: (-1,0,0,0,2,2,4,5,6,5,9,7,10,12,13,),
1843: (-1,0,0,2,1,1,3,5,5,7,6,9,8,9,13,),
1844: (-1,0,0,1,2,4,2,6,7,5,7,9,11,12,13,),
1845: (-1,0,0,0,0,4,2,3,6,5,9,8,10,11,12,),
1846: (-1,0,1,0,2,4,5,4,6,7,7,9,8,10,10,),
1847: (-1,0,1,1,3,3,2,6,5,7,8,8,10,12,11,),
1848: (-1,0,0,0,0,1,5,5,5,5,9,9,11,10,),
1849: (-1,0,0,2,3,3,4,6,7,5,6,7,9,11,12,),
1850: (-1,0,0,1,0,2,4,3,6,7,9,9,11,10,11,),
1851: (-1,0,1,1,0,2,2,3,5,8,7,8,9,10,13,),
1852: (-1,0,1,1,0,4,2,6,5,7,9,10,8,12,10,),
1853: (-1,0,0,1,2,4,4,3,5,7,7,7,9,10,11,),
1854: (-1,0,1,1,2,2,4,4,7,5,6,8,11,12,10,),
1855: (-1,0,0,2,3,4,4,3,5,8,6,10,8,12,11,),
1856: (-1,0,1,2,2,4,3,3,7,6,9,10,11,12,12,),
1857: (-1,0,0,1,3,1,3,4,7,6,9,9,11,12,13,),
1859: (-1,0,0,1,3,4,3,3,4,7,6,10,8,12,11,),
1860: (-1,0,0,1,2,4,5,3,6,7,8,7,8,11,13,),
1861: (-1,0,1,1,0,2,4,4,6,5,6,7,10,11,13,),
1862: (-1,0,1,0,1,4,5,3,6,5,7,9,11,9,12,),
1863: (-1,0,0,2,2,1,5,3,7,5,8,10,9,9,13,),
1864: (-1,0,1,1,0,4,2,3,7,6,6,8,9,9,10,),
1865: (-1,0,1,2,3,2,5,6,4,7,8,7,11,11,10,),
1866: (-1,0,0,1,1,2,3,6,4,8,7,7,11,11,10,),
1867: (-1,0,1,1,3,2,5,3,4,6,9,8,10,12,10,),
1868: (-1,0,0,1,0,2,5,4,4,7,6,8,9,10,10,),
1869: (-1,0,1,1,0,4,3,6,5,7,6,8,8,10,12,),
1871: (-1,0,0,2,2,3,4,4,7,5,7,8,10,10,13,),
1872: (-1,0,1,2,0,2,5,3,5,6,8,7,11,12,12,),
1873: (-1,0,0,0,1,3,4,3,7,8,9,8,10,11,13,),
1874: (-1,0,0,2,1,3,4,6,6,6,8,10,9,12,13,),
1875: (-1,0,0,0,2,1,4,3,7,6,7,8,8,9,13,),
1876: (-1,0,0,1,2,3,5,5,7,6,6,7,9,12,13,),
1877: (-1,0,0,0,0,2,3,3,4,5,6,7,9,12,10,),
1878: (-1,0,1,2,0,4,5,6,7,8,8,7,9,9,10,),
1879: (-1,0,1,2,1,2,4,3,7,6,8,8,11,9,12,),
1880: (-1,0,1,2,1,4,3,6,7,5,7,7,8,11,10,),
1881: (-1,0,1,2,2,2,4,4,6,5,8,7,11,9,13,),
1882: (-1,0,0,1,0,4,2,6,6,7,9,10,10,11,13,),
1883: (-1,0,0,1,0,2,5,6,4,8,6,10,11,11,12,),
1884: (-1,0,0,1,2,1,3,6,7,6,7,8,9,12,11,),
1885: (-1,0,0,2,3,1,5,4,5,8,6,8,10,12,10,),
1886: (-1,0,0,2,3,3,5,3,4,5,7,9,9,11,12,),
1887: (-1,0,0,0,2,1,2,4,6,8,9,7,11,10,11,),
1888: (-1,0,1,0,1,2,4,6,7,8,9,8,11,12,12,),
1889: (-1,0,1,0,2,2,2,6,5,5,9,8,10,12,11,),
1890: (-1,0,1,1,0,3,2,4,4,8,9,8,8,11,12,),
1891: (-1,0,0,0,3,2,2,3,6,7,8,10,11,10,13,),
1892: (-1,0,0,0,3,1,4,3,7,5,9,10,11,12,12,),
1893: (-1,0,1,0,3,4,5,3,7,6,9,7,11,10,10,),
1894: (-1,0,1,2,3,1,4,5,6,7,8,7,9,11,11,),
1895: (-1,0,0,1,0,2,4,5,7,5,7,10,8,11,10,),
1896: (-1,0,1,2,2,1,3,6,4,5,9,7,11,10,11,),
1897: (-1,0,1,2,2,3,3,6,7,6,7,8,9,11,13,),
1898: (-1,0,1,0,0,4,3,5,4,8,6,8,11,9,11,),
1899: (-1,0,0,1,2,4,4,6,4,7,9,8,9,10,12,),
1900: (-1,0,0,2,2,1,4,6,5,7,6,9,9,12,11,),
1901: (-1,0,0,1,3,1,4,3,6,8,8,9,11,9,13,),
1902: (-1,0,0,2,1,4,4,3,7,8,8,7,11,9,13,),
1903: (-1,0,1,2,0,4,4,4,6,7,6,9,10,11,13,),
1904: (-1,0,0,1,2,2,2,6,7,5,6,8,9,10,12,),
1905: (-1,0,1,1,3,4,2,5,5,8,6,9,11,12,11,),
1906: (-1,0,0,1,2,2,3,4,6,7,6,10,8,10,12,),
1907: (-1,0,1,0,0,3,4,3,4,6,9,8,9,12,10,),
1908: (-1,0,0,2,3,2,4,4,6,5,8,7,8,11,13,),
1909: (-1,0,0,1,1,3,3,5,5,8,7,8,10,9,13,),
1910: (-1,0,0,0,1,1,4,5,7,7,6,10,8,12,11,),
1911: (-1,0,0,0,3,2,4,6,7,7,6,10,11,9,10,),
1912: (-1,0,1,2,3,3,3,5,4,5,6,10,8,11,13,),
1913: (-1,0,0,2,3,3,5,5,5,6,7,9,11,10,13,),
1914: (-1,0,0,2,0,2,3,5,4,7,6,10,8,11,11,),
1915: (-1,0,0,0,2,3,5,6,4,7,7,8,10,10,11,),
1916: (-1,0,0,2,2,3,2,4,6,7,8,7,11,12,13,),
1917: (-1,0,0,1,2,3,2,3,6,5,9,7,11,12,12,),
1918: (-1,0,1,2,0,4,3,6,5,8,9,8,11,9,11,),
1919: (-1,0,0,0,3,1,4,6,6,7,7,9,10,10,12,),
1920: (-1,0,0,1,2,2,5,6,5,5,9,9,8,10,13,),
1921: (-1,0,1,0,1,4,2,6,4,8,6,10,11,9,10,),
1923: (-1,0,1,2,3,1,2,6,5,8,6,10,11,12,10,),
1924: (-1,0,0,1,0,3,2,3,4,8,7,8,9,10,12,),
1925: (-1,0,0,1,3,2,4,4,4,6,8,7,11,12,12,),
1926: (-1,0,1,0,2,1,5,3,7,8,7,7,10,11,10,),
1927: (-1,0,1,1,2,3,3,4,6,6,9,10,8,10,11,),
1928: (-1,0,0,2,3,3,4,6,6,5,8,10,10,12,13,),
1929: (-1,0,1,0,0,4,5,3,5,6,8,8,9,10,10,),
1931: (-1,0,1,1,0,2,5,3,4,5,6,9,11,9,11,),
1932: (-1,0,0,1,0,3,3,5,7,6,7,10,8,12,11,),
1933: (-1,0,1,1,2,2,4,5,6,6,8,9,8,10,11,),
1934: (-1,0,0,2,0,1,5,4,7,8,9,7,9,11,13,),
1935: (-1,0,0,0,3,2,2,6,5,5,7,7,8,12,11,),
1937: (-1,0,0,0,2,3,3,6,6,6,9,7,8,12,11,),
1938: (-1,0,1,0,2,1,4,3,5,5,8,8,10,11,11,),
1939: (-1,0,0,1,0,2,2,3,6,7,9,7,9,10,13,),
1940: (-1,0,1,1,2,4,2,6,5,5,9,9,11,12,10,),
1941: (-1,0,0,0,1,2,4,6,5,8,9,9,9,10,11,),
1942: (-1,0,1,1,2,2,4,6,5,5,8,9,9,12,13,),
1943: (-1,0,0,1,3,1,4,6,4,7,6,10,9,10,13,),
1944: (-1,0,0,0,2,3,5,3,4,6,7,7,11,11,10,),
1945: (-1,0,0,2,3,1,2,5,6,7,7,10,10,12,12,),
1946: (-1,0,1,1,2,4,5,6,7,5,6,7,8,11,10,),
1947: (-1,0,1,2,1,4,2,5,6,5,9,7,11,12,11,),
1948: (-1,0,1,2,0,1,5,5,5,7,6,7,8,12,10,),
1949: (-1,0,1,2,1,4,2,4,5,5,7,9,11,10,12,),
1950: (-1,0,0,2,2,4,3,6,4,7,7,7,10,9,11,),
1951: (-1,0,1,1,2,2,4,3,5,6,9,8,9,12,12,),
1952: (-1,0,0,1,1,3,5,5,4,8,9,10,10,12,13,),
1953: (-1,0,1,0,2,4,3,3,6,8,6,9,8,12,12,),
1954: (-1,0,0,2,1,4,3,5,4,8,8,8,11,12,13,),
1955: (-1,0,0,0,0,2,4,3,7,5,9,10,11,11,13,),
1956: (-1,0,1,0,1,3,4,5,7,5,6,8,11,10,10,),
1957: (-1,0,0,2,2,1,2,5,4,6,8,10,11,10,12,),
1958: (-1,0,1,2,3,2,4,3,4,5,6,9,8,9,10,),
1959: (-1,0,1,0,0,1,2,6,5,6,8,9,11,9,10,),
1960: (-1,0,0,1,3,1,2,4,4,5,9,7,10,11,10,),
1961: (-1,0,0,1,2,2,2,4,4,5,8,8,11,12,10,),
1962: (-1,0,1,1,3,4,2,5,4,5,6,8,8,12,11,),
1963: (-1,0,1,2,2,3,5,6,5,7,6,7,10,9,13,),
1964: (-1,0,1,2,2,4,3,3,7,7,9,8,11,10,11,),
1965: (-1,0,1,0,2,2,4,5,4,5,7,9,8,11,11,),
1966: (-1,0,1,2,3,4,5,5,6,7,8,10,8,11,11,),
1967: (-1,0,1,2,2,3,3,5,4,8,9,10,8,11,10,),
1968: (-1,0,1,2,0,3,4,6,7,7,6,7,8,10,12,),
1969: (-1,0,1,0,3,3,3,5,7,6,8,8,9,12,10,),
1970: (-1,0,0,2,0,1,3,4,5,5,8,8,10,11,10,),
1971: (-1,0,0,0,0,1,4,4,5,8,6,9,11,10,13,),
1972: (-1,0,1,0,2,1,4,5,6,5,8,8,10,10,11,),
1973: (-1,0,1,0,1,2,2,6,7,5,7,8,9,9,10,),
1974: (-1,0,1,1,2,4,2,5,4,8,6,10,8,11,13,),
1975: (-1,0,1,2,0,2,4,5,4,6,8,9,9,11,11,),
1976: (-1,0,0,0,1,2,5,6,4,5,9,10,9,12,10,),
1977: (-1,0,0,2,3,1,3,5,7,5,8,10,10,12,13,),
1978: (-1,0,0,1,1,4,3,6,5,8,9,7,11,9,11,),
1979: (-1,0,1,1,0,4,3,5,5,7,9,9,10,10,13,),
1980: (-1,0,1,1,0,4,4,6,5,7,7,8,10,12,11,),
1981: (-1,0,1,1,2,4,5,6,4,7,9,10,11,12,11,),
1982: (-1,0,1,2,1,3,4,4,7,6,7,10,8,11,11,),
1983: (-1,0,1,0,2,2,3,4,6,8,9,8,9,12,12,),
1984: (-1,0,1,1,3,2,4,4,5,5,9,10,8,12,13,),
1985: (-1,0,1,2,2,2,5,3,6,8,6,7,9,12,11,),
1987: (-1,0,0,2,2,3,2,6,5,7,6,7,8,9,13,),
1988: (-1,0,0,2,3,4,3,6,7,7,7,10,11,9,13,),
1989: (-1,0,0,0,1,1,4,5,5,6,8,9,10,9,11,),
1990: (-1,0,1,0,1,4,2,4,7,7,7,8,9,10,10,),
1991: (-1,0,0,0,2,1,2,6,4,6,7,7,9,11,11,),
1992: (-1,0,1,0,0,3,3,3,4,6,6,9,11,10,13,),
1993: (-1,0,0,2,3,2,4,4,4,5,7,7,8,11,12,),
1994: (-1,0,0,1,3,2,4,4,4,6,7,8,10,11,11,),
1995: (-1,0,0,2,1,4,2,5,4,5,8,9,8,12,11,),
1996: (-1,0,0,1,3,1,3,6,5,7,9,7,10,10,11,),
1997: (-1,0,1,2,3,4,5,6,6,8,6,9,11,10,11,),
1998: (-1,0,0,0,0,2,4,6,7,5,8,10,8,9,12,),
1999: (-1,0,0,0,3,4,4,3,6,7,6,8,8,12,11,),
2000: (-1,0,0,1,2,1,4,4,6,5,6,8,8,9,10,),
