10
1100
101010
10111000
11101000
1001001110
1100010110
1110100010
100011011100
101100011100
111000110100
111011000100
10001010111010
10011001010110
10011101010010
10100101100110
10111001010010
11010100011010
11010110001010
1001101011110000
1001111010110000
1010011011110000
1010011110110000
1011001111010000
1011010011110000
1011110011010000
1011110100110000
1100101111010000
1101001011110000
1101011110010000
1101111001010000
1111001011010000
1111010010110000
1111010110010000
1111011001010000
100010011010011110
100010011011100110
100010101011010110
101010010100101110
101010011101001010
101010101010101010
101011010010100110
101011100101001010
101100100010011110
101100100011100110
101100101010010110
110010001100101110
110010110000101110
110011101000011010
110011101001100010
110101010100011010
110101010101100010
111000110010100110
111011000010100110
111100101000011010
111100101001100010
