

4 7
1 -5 3 -5
4 -1
2 -1
3 10
4 10
1 -1
2 1
3 -1

5000 5000
84 -78 -94 87 -50 -63 -91 64 41 73 12 -68 83 -63 -68 30 23 -70 94 12 -30 -22 -85 99 16 14 92 -57 63 -97 -6 -85 -37 -47 -14 -25 -83 -15 35 44 88 77 89 -4 -55 33 77 40 27 -95 96 35 -68 98 18 53 2 -87 -66 -45 -41 -32 -98 -82 -10 68 -98 -87 -7 20 -29 -33 -4 71 -9 -41 -97 -19 -47 -22 80 65 42 94 35 25 88 -44 -28 60 -33 38 -76 -75 -59 -30 -36 19 -44 -29 77 -44 14 7 5 29 -70 18 -25 -71 -91 -73 45 -6 55 70 43 -98 56 -49 23 -100 47 41 12 -6 62 -79 21 45 -23 9 83 -25 63 1 -53 80 -69 -74 82 34 -61 -100 100 -60 14 -91 27 85 91 77 -37 46 80 88 49 -60 37 -43 -7 14 -22 -20 22 -40 -41 6 28 85 21 -23 -97 31 93 73 -26 -23 41 -99 99 25 -10 20 -33 95 -80 74 -51 61 80 -94 -22 -5 62 -27 45 3 -85 43 -29 73 59 37 54 -4 34 91 68 -69 1 -89 50 -4 -64 54 -87 53 76 -58 37 -15 61 -29 51 57 -95 -100 40 -29 -1 48 -60 36 40 -16 -5 50 -86 -44 78 -39 -50 68 -93 44 30 83 -42 27 62 -61 -24 -82 -91 -97 78 91 -25 15 6 13 1 27 17 -79 47 48 52 -32 -58 13 -15 13 -13 -11 90 -56 -21 88 39 71 -57 7 -50 -6 18 -46 74 -74 -90 8 58 -72 -1 19 26 -75 -58 94 -71 -18 -70 23 -74 32 83 -93 -58 -22 -75 -48 -32 38 55 -99 82 17 -32 97 39 -19 71 -13 -78 37 -77 -8 58 -100 28 37 -19 -64 -45 6 -92 56 90 94 6 23 18 94 -27 -87 44 -15 -80 -63 -89 11 -95 -47 -38 -54 74 -26 11 18 -64 91 31 -72 -34 -90 -5 6 -69 86 -96 50 68 -64 -97 66 -37 71 12 33 -80 71 -73 35 84 99 -64 51 74 60 48 -83 33 -55 99 41 60 -63 42 24 73 -55 -22 -66 72 70 -2 -54 -8 29 98 85 35 92 -99 -53 -90 7 17 -10 1 -10 82 -39 -27 -48 -88 33 -82 -51 91 -51 -14 -95 -82 -21 -83 -88 -97 5 -93 98 -35 -7 58 -96 -63 84 -55 -10 33 22 64 -83 86 86 -91 15 17 -93 -29 26 37 -19 38 -83 -11 -89 16 -38 9 84 -58 28 -70 -52 11 40 89 -94 91 100 -32 -78 58 -53 -42 69 -85 -77 67 55 -9 -79 56 -75 -1 -98 -13 -83 94 40 -22 -86 -55 63 42 53 63 -100 -55 16 52 -91 92 -38 60 72 88 -91 71 -66 -70 -62 52 1 -39 -65 33 -5 -80 13 70 71 45 50 66 27 -84 -70 -53 94 -90 -32 -65 -49 -78 34 -50 -56 69 -61 24 72 78 -46 62 24 1 76 43 -60 90 70 52 -84 -34 5 -82 -67 68 -93 3 32 -75 19 -84 88 -74 -63 -34 97 -42 27 -81 86 6 -30 99 63 20 42 11 -27 90 -9 -39 -94 11 6 -14 39 -22 -30 -81 -96 25 55 70 70 74 -34 -88 -95 -100 40 43 -87 -50 -87 12 -34 -23 -74 20 55 -25 -60 -19 -13 6 -34 -35 -16 -88 70 88 38 90 6 -5 -58 4 -93 -23 -44 62 -79 -1 -83 -100 90 54 49 37 8 18 22 81 95 -24 34 18 -32 -10 57 -70 96 -72 -70 2 -53 -41 44 -92 28 79 51 -25 14 100 95 -16 -43 -38 99 40 -14 -29 -5 -47 -39 96 22 27 -59 57 46 -47 -12 -4 26 -17 75 97 68 -14 20 51 33 80 -54 96 -8 38 77 -85 84 -93 97 -40 36 74 -65 -52 52 40 66 -3 -80 -48 -85 -62 -32 -29 -95 -44 24 -88 44 89 21 99 19 64 96 -6 43 -99 73 54 98 48 17 -13 78 -54 -33 -36 8 50 62 -35 26 -29 -64 16 82 -86 -1 -9 -50 80 17 -86 66 31 93 -30 -53 -67 -96 29 -48 27 63 -30 1 98 76 45 21 -19 -95 35 -9 -63 87 33 8 -35 -97 85 25 -66 -17 -44 -88 -3 61 80 -42 25 36 63 71 64 12 -16 35 91 -94 40 -95 14 83 -76 -39 -52 -12 -69 -14 -100 36 -65 -47 -73 -41 -24 58 -94 82 -15 72 97 84 -68 -1 -75 34 58 -50 24 -93 -30 36 41 -44 40 26 54 53 58 -88 -41 -27 -6 79 70 28 -21 22 84 -68 83 -12 -54 9 -69 99 69 -10 -4 -55 -58 -24 97 43 -13 -56 55 -35 82 -74 -39 14 100 -85 62 -81 -24 1 1 53 -5 60 26 18 37 61 -15 -38 -49 -21 64 33 -5 59 28 -69 70 42 75 6 -2 -90 91 33 -100 1 58 -49 -18 -70 70 -29 19 86 81 -55 -8 1 -22 89 91 -35 -26 62 43 -92 21 55 43 31 -35 9 81 45 46 -23 -26 36 93 97 31 -50 13 90 49 29 58 -77 98 40 6 83 -24 -37 18 -54 25 51 11 43 -65 -42 -12 11 91 -56 -17 -82 -59 -7 -2 75 -66 67 -70 -35 -37 -7 98 -61 -71 87 -9 78 -37 -94 -47 68 97 -41 96 -51 3 -31 26 -91 62 -35 -96 -36 52 -21 1 62 -75 -15 29 53 26 34 -78 50 -52 61 -100 30 -29 100 -90 -77 67 85 60 77 -72 39 -85 -91 76 82 51 29 -65 -59 45 -70 -78 58 43 -73 96 66 -50 68 -59 3 64 -39 15 34 31 -70 -60 -96 -14 19 -30 -93 44 -8 14 14 -97 57 -100 -70 96 90 70 9 5 -96 -15 -65 52 11 -39 94 -27 -46 95 -7 -57 96 -85 61 -83 74 96 6 -67 64 91 91 -62 -94 -2 45 -52 -89 48 -76 57 -30 43 50 2 -65 -73 -12 43 41 60 59 29 -98 95 57 -26 -54 -72 81 20 68 4 30 87 -95 59 9 -99 14 -31 -48 59 -79 8 -54 8 76 3 9 27 -87 7 24 -52 -2 11 -93 -1 51 82 88 29 -52 -19 -24 -15 83 -8 -30 95 -45 -79 27 61 -87 -85 -83 -40 49 -45 56 -86 84 47 -56 43 51 90 -51 -57 -43 15 59 10 65 -82 17 -61 64 64 -100 -71 -78 30 13 -18 -80 -80 -38 -48 96 -25 100 12 44 85 -33 -97 -19 -42 64 87 -95 -36 59 -38 -16 18 99 -81 7 36 -24 53 -10 26 -57 72 81 -86 90 45 -89 71 42 80 19 39 51 -85 -89 36 25 99 -14 48 63 11 58 -41 -87 100 -90 -47 85 51 44 -69 93 -77 -54 -64 -20 -70 -10 -81 -33 1 21 14 30 29 51 45 19 5 -48 -40 -94 49 71 -51 60 -30 49 -89 7 55 70 -4 -71 -12 -27 -41 65 27 17 -42 79 60 -66 -5 68 33 -9 77 -95 52 43 45 81 -94 99 29 -10 3 39 50 -69 47 21 59 15 40 -55 16 58 -36 47 -84 -4 34 -49 1 17 -50 -22 -4 22 -44 78 63 -71 -94 62 -25 67 60 -94 -87 -58 47 96 18 -97 93 24 61 4 -64 -35 35 -50 19 -5 -5 93 -45 -5 -57 27 28 -55 -97 -46 27 3 33 -58 -47 61 28 -54 -41 85 -11 -49 14 -78 64 25 55 -55 79 -43 78 28 55 76 91 95 24 91 -97 50 -94 55 52 88 -25 60 84 -7 68 -37 47 -10 -26 -58 71 86 -84 65 -53 69 -33 -31 -67 -5 72 -95 -76 39 -8 -74 -58 94 -51 79 -61 32 -27 12 99 -78 -61 -91 80 88 -80 64 -25 29 -67 -30 59 72 -74 30 4 -46 83 -4 69 48 56 -37 -72 59 -77 18 100 71 -28 97 11 99 -83 54 48 -55 -15 87 61 29 -84 23 38 -8 -97 48 -50 -51 -3 39 56 -6 -36 -12 -89 -84 -37 59 -3 92 21 9 89 58 -62 41 -41 -42 -42 -24 45 -53 17 60 28 73 41 75 -39 -72 -80 -20 62 47 -18 84 -29 96 51 -67 57 30 -19 30 88 8 16 38 -91 83 -6 -23 -58 -82 -24 -37 90 -28 74 16 9 31 -5 57 -56 7 9 -98 98 73 -30 4 -32 78 92 70 -71 29 24 73 -76 95 -60 -50 74 82 -36 73 -21 -75 -46 -16 -48 94 -81 -5 97 92 -90 18 68 17 88 -73 42 24 43 -6 83 64 -68 22 -66 25 -59 -21 92 -80 -29 -91 -98 -60 53 33 -67 -1 -15 -2 -39 38 -19 74 46 -94 -8 -47 -50 -49 -74 -40 -77 -78 65 -23 9 52 -70 -41 -82 -93 -70 47 97 24 76 62 6 -96 -70 -77 30 -56 58 67 82 80 -50 25 -73 -17 -62 52 17 -41 69 -67 -97 -49 70 -97 -78 6 54 -73 30 -73 19 62 -27 24 -71 97 63 25 64 36 48 19 -23 26 84 -48 79 88 63 52 -52 3 44 51 -99 51 -30 99 13 -9 -79 50 64 -65 -52 10 15 21 91 -69 -8 -40 -41 94 -18 -52 9 -56 42 2 40 47 -27 -17 90 -11 -56 -91 -43 4 -89 12 -12 72 92 97 -88 -37 63 -35 90 5 98 97 -30 -57 -59 66 -87 -75 -62 9 67 67 50 36 98 35 87 91 83 86 -15 15 -41 -31 65 55 87 -63 -73 -26 90 21 43 93 -10 -70 -81 28 -25 75 100 71 53 26 -83 -99 64 -48 -33 -35 -22 -17 39 -27 6 -4 33 96 59 13 24 65 -33 -49 8 59 -38 -34 -24 91 12 -86 73 32 6 76 -59 -20 -55 -61 2 42 -98 14 87 2 3 46 -24 57 -26 -9 -23 -31 47 -91 14 38 -8 -84 8 -44 -27 -36 -19 -78 24 -31 -18 75 -56 16 -50 80 57 -2 -51 77 -39 27 -3 -4 -94 -76 -99 28 19 -75 -48 -24 -68 -19 27 47 6 73 -80 -38 65 -37 -67 22 -10 -53 -2 61 -57 91 26 -47 13 -44 50 17 98 -82 72 -100 -2 91 32 -76 -34 -71 6 -47 -92 61 -74 59 -34 -86 -98 -91 89 -54 35 60 -46 84 -2 20 71 -38 -10 67 -40 4 -41 -88 -26 53 -22 -33 -45 70 -45 91 -22 10 -76 77 32 -55 26 -5 -36 16 -73 -76 -15 64 -87 -25 -82 90 -62 75 50 -16 23 -31 -82 -67 -93 71 -39 17 40 84 78 33 43 -83 87 -19 23 -19 46 -9 -79 48 -65 -94 8 -80 -2 -76 70 87 -13 18 -58 -42 -73 93 81 -19 -56 -5 41 -1 -48 -89 38 -74 84 -88 78 -97 31 4 81 60 86 -4 -1 -71 83 65 -86 74 -80 -62 -90 -11 47 83 -89 -67 -58 -4 -25 -6 -85 -32 60 90 -66 -52 9 79 29 86 -55 -46 22 -70 27 5 -96 32 41 -50 24 17 -15 91 -8 -63 80 78 61 98 25 -1 -90 -79 -5 -92 -80 12 55 89 -30 80 64 -61 55 15 65 -51 99 88 60 34 -38 85 -100 59 -29 -90 -47 19 60 -80 -100 -30 10 4 47 -59 -34 28 -21 14 28 -92 -4 -26 43 -39 -86 43 -88 -67 -82 -70 73 100 39 -41 -15 91 -93 34 -73 -80 -96 5 19 69 -100 -20 90 -16 -84 -45 39 -20 3 70 -29 -84 -23 -58 -63 -46 67 38 35 -84 61 68 67 34 -92 -95 5 47 -18 -72 34 -94 85 -56 -35 89 -72 -98 95 -59 86 -61 83 21 -14 32 13 47 -59 -68 45 -92 64 -10 -20 99 24 99 17 59 -62 -29 19 71 -81 74 -46 -97 -54 71 -25 -34 -28 6 -50 79 58 -37 86 -4 -48 -42 -95 -55 95 77 -46 -19 -93 -22 -40 4 -10 24 50 -12 -60 -91 43 -6 -73 8 -95 44 54 80 68 41 -75 -24 46 -73 40 11 -11 -24 1 54 61 -33 -13 -58 -95 60 17 -96 22 67 -87 -47 -45 -85 -57 92 86 -82 88 -81 -92 -54 -27 -69 -74 -12 65 9 32 -58 -34 56 26 68 -79 -47 -92 -29 -5 -69 -85 90 -90 -61 95 -13 20 47 -9 -61 18 61 -11 30 -39 93 -29 75 31 44 -57 -5 28 76 20 28 -95 45 -77 20 -23 -41 97 22 6 -56 -72 -42 14 88 5 -22 -2 56 92 -97 -90 -17 -4 17 -6 -23 -87 -29 -84 84 30 40 23 -13 -22 83 -47 -1 41 63 44 -76 -4 81 -19 -27 -73 82 61 -64 -56 -44 -97 -55 64 36 57 -88 -66 -47 84 -35 -39 54 10 84 62 70 75 -100 45 -49 -97 -61 56 97 32 -98 98 -24 19 -76 -85 42 70 -1 27 67 -36 88 -38 33 -66 -42 32 -23 -71 -82 95 -18 -16 -82 -18 -69 -27 48 92 85 62 -72 -43 -95 -96 -73 -3 -6 60 11 86 86 -87 -81 18 86 -43 -76 55 -3 50 -92 68 21 -87 -8 14 -88 -30 81 33 78 28 -64 -27 36 44 -32 27 90 88 36 -42 5 43 18 3 -54 51 -64 87 -58 77 41 93 -19 -79 -85 81 -43 -77 -50 58 -61 -72 -89 -74 -39 -87 56 -14 -63 80 -64 -91 83 17 -98 87 -85 -86 -19 -71 13 89 -40 -94 45 -52 -85 65 60 -3 -58 20 3 -16 -68 31 47 -53 -72 -91 -71 28 -87 -77 -77 -7 -73 28 87 -48 -33 38 -48 16 -88 -39 -99 16 -13 82 23 27 -18 -22 1 10 99 -15 -89 -17 39 37 -76 -25 -47 -29 98 -68 12 -23 -10 -48 -83 5 95 2 -79 -73 93 42 -55 -60 -28 71 -68 3 -29 36 16 -85 -65 -47 75 49 -16 -58 63 -25 -96 -81 41 44 -84 32 -24 -61 54 -83 -25 -47 -25 -65 -24 -29 37 87 -43 97 -65 -77 48 80 -95 -32 -45 -63 -33 9 69 28 -50 -33 47 -74 61 -51 -39 -12 44 -5 25 61 98 -65 -10 70 -61 -54 -35 23 30 -6 55 -5 63 41 -80 96 -70 43 -8 -41 18 -79 74 98 26 -74 23 81 39 -24 22 -47 34 26 4 61 13 -24 40 40 75 48 -91 -86 100 -51 31 -69 -37 57 12 -65 59 -9 -9 -66 65 84 92 -88 29 17 35 -27 82 -16 -3 17 -68 63 -77 64 41 -48 68 -75 25 -59 31 35 -19 58 -81 85 3 -81 -75 24 94 98 58 -9 19 -93 3 14 28 45 96 61 28 -82 88 20 28 94 -45 -70 72 -65 -93 46 -52 81 22 49 -85 -2 87 -4 42 -54 50 1 89 -46 94 54 -84 -96 -78 -6 -26 -85 -32 29 -37 -11 8 11 -28 30 3 -70 20 95 8 62 -12 96 -85 20 -9 59 92 65 -28 -92 80 68 -77 -99 -66 69 -5 24 44 -62 -24 72 -40 86 33 -49 -41 14 -81 4 -23 75 -40 20 40 38 -52 82 97 -13 99 45 80 59 -26 11 86 79 -83 -11 -82 41 -57 -79 -92 -87 4 -32 -45 48 -55 -71 94 -20 -99 -2 -78 -17 67 -91 86 -51 -60 -77 -27 74 -33 -25 -45 54 26 26 -100 -40 37 -75 59 -63 10 -74 14 -68 -95 24 88 85 -35 -19 -52 -3 40 61 -53 -20 62 -49 -44 -73 -60 80 -76 -63 25 -47 90 -67 -77 32 51 -94 -96 91 -10 80 63 19 26 -52 13 -82 -99 -87 -75 8 -21 -93 95 -6 50 24 -99 -3 -74 -29 -4 92 -58 -82 48 -61 94 35 -87 44 -28 -1 61 53 60 -72 91 -22 45 -83 95 11 47 -81 -36 74 -43 -92 -28 90 24 -54 28 -65 -81 -63 42 68 -69 -26 23 -70 24 73 -56 41 26 97 73 -24 -8 -81 -62 -42 47 85 -17 -90 -66 42 -27 52 -80 57 8 -58 -70 -69 -37 61 -28 -55 51 83 -58 89 -57 41 39 41 -29 66 -39 82 -95 -61 91 -65 11 62 -22 -9 94 -66 -97 -30 7 28 32 -71 54 99 50 -90 13 -32 -4 16 40 81 -43 14 9 -94 -53 -18 -99 -2 35 59 93 85 -34 -45 36 -10 87 27 -67 90 87 24 -27 84 68 59 37 -9 46 -43 -30 -59 78 -66 8 14 -14 -83 67 -52 -13 50 -5 -70 63 -31 -20 -11 -78 -45 30 36 -100 -34 88 -55 47 52 -14 -52 38 19 76 6 4 -42 13 -28 -99 -81 98 -90 91 46 -14 84 32 60 83 63 19 24 33 94 -16 -69 -65 61 50 -63 56 18 1 97 46 -21 -67 -99 -47 -34 -22 -79 -11 92 98 28 1 43 74 35 -1 -86 -51 19 -80 11 6 -86 80 80 83 29 4 87 -13 -99 -77 81 72 76 -2 51 -78 -27 -16 34 17 -33 -37 -100 -93 63 85 -99 -45 -58 -63 5 47 50 88 -61 49 -75 -16 -39 23 -28 47 15 52 88 -84 59 -74 -93 94 17 -49 32 -17 -24 -74 -51 82 14 41 51 97 -55 20 -35 -3 60 95 19 64 54 -98 8 21 63 -73 37 26 -43 41 63 -80 -98 -68 89 -62 19 -46 -41 -98 -30 21 -91 9 -47 61 96 34 18 -13 -83 48 37 78 62 32 -45 9 -2 -19 71 -61 -71 11 47 46 100 -82 89 -17 -86 -93 4 68 -22 -56 -16 58 -62 -79 -42 40 69 81 36 59 96 2 55 55 58 68 78 63 96 2 -17 82 -66 93 58 73 -5 -4 -46 88 72 -28 -84 44 -83 68 39 -35 62 9 82 -75 -7 -97 -40 59 -91 -16 -27 4 5 11 71 -98 -28 54 39 46 10 100 -30 -64 95 -97 90 -34 75 -88 -45 -81 95 80 -15 -29 24 25 -90 77 18 -58 77 -53 91 -1 78 -7 67 57 68 57 69 95 20 95 -48 -96 98 79 93 -24 -64 -93 20 11 90 -29 -99 -16 -98 6 -65 73 6 -51 -86 19 7 78 -64 17 -58 -62 -21 -25 91 -15 88 18 -93 -42 -97 26 -74 33 -95 41 95 60 32 -84 -71 -29 -88 2 69 58 -54 20 -91 16 -53 41 62 13 89 19 46 -20 97 66 67 -30 10 -98 52 89 73 -3 -33 31 64 83 -47 46 74 -8 86 11 37 -47 25 44 67 -35 14 72 65 89 8 -6 45 -73 -1 77 96 -28 -61 21 74 26 -23 67 56 1 -93 -48 70 -71 8 10 -21 26 -65 -60 56 -76 -34 68 100 56 26 -34 -27 -69 3 40 -20 -8 15 73 -3 52 -93 -29 -92 36 39 16 73 51 -67 -1 -59 -73 26 48 44 -17 22 79 33 82 35 39 85 85 -83 40 -45 18 8 99 68 90 15 54 35 21 -87 -28 -52 -26 -49 -27 -77 64 -65 -39 80 -72 97 45 15 -51 -76 -77 -94 -13 19 -87 -87 84 -15 -34 50 -44 -86 -28 52 -5 12 59 87 51 62 -4 91 2 9 -55 -95 -8 85 -84 -17 19 73 85 48 15 24 -12 57 22 -3 27 -77 29 -72 1 3 21 48 85 -92 7 -22 -32 34 -47 33 84 -10 22 -75 -73 44 4 98 89 92 7 -16 42 -94 -36 -16 87 -83 -10 -85 -87 -27 -23 78 16 -58 33 63 -74 18 -86 -80 62 83 72 -5 46 -99 6 79 -49 -46 -60 60 67 -46 10 -75 39 -94 -75 71 -80 92 -50 -9 -9 31 -65 -53 -67 -83 -75 51 18 79 46 -17 -22 14 30 -21 80 58 93 28 -60 -38 71 3 85 -33 81 7 8 77 47 -75 -52 -74 94 -6 15 43 83 77 25 -1 61 12 -31 57 89 -55 -15 -39 -81 17 -86 83 -4 39 72 90 98 -5 92 -5 92 -75 90 -17 -56 -16 45 -14 -62 32 43 -69 73 19 34 48 37 34 -35 96 -87 88 14 35 -56 -59 -39 41 -52 79 86 61 -1 49 -48 -81 -59 -21 20 -98 24 -25 -88 77 77 -24 -85 36 -82 76 -32 -18 -24 66 96 -70 23 -33 64 -49 -68 -53 59 -41 -76 20 -23 -49 -27 45 -28 94 -12 12 -39 -14 35 -13 11 -85 72 45 94 -44 -10 46 54 91 17 92 66 64 -75 46 -81 -23 86 98 -63 -55 -33 -12 39 55 -9 -13 -2 26 3 65 1 -87 -5 69 81 -90 -74 -55 56 -70 -6 -89 9 -40 -85 46 -91 75 72 -14 69 -69 -56 58 84 -78 13 1 -81 84 -95 6 -17 -32 26 -92 -51 39 -83 73 75 8 -69 59 51 17 -28 -82 53 -32 13 75 -82 73 -9 35 -48 -73 -53 16 -78 99 -58 -48 96 -92 -5 23 31 -55 44 78 34 -6 34 92 -9 -67 -26 31 -97 33 92 -91 53 65 37 -87 45 -7 -69 40 -44 46 71 93 2 72 -31 -19 59 32 -29 17 14 54 77 -63 50 92 -89 -43 -9 35 28 -74 39 -84 -75 -92 -27 74 90 -26 97 64 -100 -78 -24 99 -16 40 29 74 27 94 -62 -7 -4 -95 -48 40 67 -7 81 -92 80 -54 58 -62 -96 88 -75 -12 -77 -81 -67 -74 -88 -75 88 -68 53 -75 52 93 -96 -7 25 99 76 28 -2 28 -85 61 -24 40 -52 86 6 53 -62 70 -30 91 50 51 -72 -92 -84 80 83 -83 89 -89 3 -47 -52 2 36 90 -63 -88 70 93 34 -11 -95 1 18 -29 34 35 42 70 33 66 2 32 -35 -75 -48 35 83 -77 28 19 31 1 -93 53 -32 -23 -22 -56 82 27 68 -75 -100 1 8 43 75 -63 65 -44 85 -81 24 66 -19 -86 -57 -87 15 38 -57 13 22 -50 -41 86 -12 83 -54 -92 43 9 40 58 85 29 74 -24 67 37 -18 32 -40 68 65 17 91 -58 76 -36 -62 53 -56 -86 52 -81 -44 54 29 80 -35 51 -24 7 -27 -11 58 26 -42 39 34 66 -34 -64 44 6 -90 3 68 -16 -3 -85 -92 76 -73 -29 36 87 -18 30 96 43 -95 -53 -58 -59 45 -23 4 72 16 -34 -47 -20 -73 -80 88 -56 20 47 76 89 99 60 -61 31 -32 -28 36 -97 -100 -28 98 21 -91 98 -24 91 -48 29 33 -89 -26 97 66 -21 -21 -53 82 39 -44 -43 21 -94 -86 80 -84 34 35 22 -23 66 -41 -65 94 -98 -38 -9 -76 -81 27 -80 80 70 95 -67 -84 -64 -53 -50 82 87 91 -80 48 -79 -21 -83 23 66 -95 38 -67 6 33 69 6 -85 2 13 -25 75 1 48 -13 -44 49 -42 38 38 -6 85 65 -58 -85 18 -13 -57 53 88 22 -28 16 89 20 23 36 -87 -28 -17 65 -73 30 -91 -37 -3 -61 -32 -3 -28 50 -98 -61 -37 -27 52 -92 20 -56 7 40 -2 90 -75 -57 -65 -56 43 -45 56 37 -66 34 -100 -47 -82 66 -85 68 -99 -16 -81 -77 -40 7 96 54 22 50 -28 31 -81 44 55 -79 -86 -21 17 -93 22 -55 -93 -82 46 -39 26 -82 20 74 -39 -32 -50 -42 -52 -26 -33 43 -39 -43 7 -9 5 -42 19 -50 71 -81 -36 -89 -8 -61 45 68 -78 -19 46 -68 21 -26 75 97 60 68 55 -82 -22 5 -48 -53 86 13 -2 -33 -40 61 84 63 90 -38 87 -57 65 -78 36 89 -5 -56 -33 28 -45 -91 49 -75 -83 85 34 -81 -53 -62 -92 13 -3 -2 55 12 -21 82 -54 10 -19 61 86 -50 55 -29 13 42 -8 -54 76 -16 -66 -20 53 -12 -74 24 17 100 88 -16 -21 18 -57 -46 -88 -32 59 77 -32 34 11 20 34 49 51 -24 26 -56 16 -65 -14 -61 51 -87 -76 -90 29 -65 32 -86 81 -5 -5 39 -13 -28 -3 2 -24 86 -7 36 -88 100 17 53 97 -55 21 74 100 62 40 7 50 13 -24 95 100 -34 -31 -64 -94 -33 -15 -98 -10 68 74 -11 71 -84 -22 8 76 40 -78 -38 -25 37 79 -5 -98 36 -98 -98 72 65 63 -70 65 96 16 66 -6 -83 88 71 -59 -60 55 -76 -94 -23 -16 97 52 -75 -29 12 -93 18 33 69 -98 98 37 -34 -65 -37 99 12 -77 -74 77 -92 82 -54 -49 56 -50 -3 -30 -19 44 -26 91 -48 27 25 -57 28 76 56 -3 -23 17 -41 12 92 17 1 -9 26 -21 94 17 71 2 -69 90 -7 71 -55 -9 41 66 31 40 -13 -58 93 79 -71 41 -35 33 87 -39 36 -39 23 68 -83 61 71 53 97 30 -62 -57 100 -88 -95 -79 -76 -58 26 -2 84 6 -33 73 -92 47 72 48 95 60 12 70 60 36 -4 44 52 -45 -59 -16 -19 -55 -16 -64 -89 -50 14 91 -98 9 -15 -39 -52 -53 -53 12 -81 -65 -71 9 -3 -63 81 -40 -34 30 -51 18 3 16 42 78 -96 22 21 -77 44 -91 47 53 -82 81 -2 -39 -72 -11 -33 -88 29 94 43 24 13 -62 49 -40 -48 14 -21 5 58 -6 2 -69 53 -82 -37 86 72 -60 61 49 22 9 18 87 -79 -16 36 -13 51 39 -100 39 71 42 -53 43 -8 -21 16 100 -98 26 4 -76 33 -44 -38 -6 36 91 92 -15 36 -25 -93 -98 43 -26 13 3 -15 80 32 12 -35 55 39 -78 -7 29 -29 -92 53 21 -70 -62 21 -92 -78 -19 9 42 98 -25 72 7 -31 24 -19 -99 -71 -27 53 -95 74 -45 90 33 57 94 -13 81 -2 -77 -51 -11 87 65 55 -20 76 66 -55 55 -58 -91 52 65 26 24 -20 2 -22 97 28 8 85 71 22 1 -29 -1 14 -84 9 20 44 87 90 93 3 72 -25 29 -23 77 73 -82 45 -29 -75 -82 -72 82 2 78 27 95 -46 -1 -53 70 58 14 67 56 94 -10 -8 78 18 -17 -7 46 35 24 -28 67 -48 39 -26 -59 34 89 -60 54 -73 72 33 35 67 -9 4 31 7 -17 -15 -55 44 93 -61 83 -19 -63 -74 22 8 
3757 38
2063 68
1847 -37
4753 3
1548 -54
4808 -46
2092 -95
2054 66
1203 -69
510 -42
272 -24
1937 81
4166 95
4474 41
825 46
730 -93
469 52
4961 -43
1730 -96
3792 51
3391 12
657 36
3412 72
2420 -89
282 62
390 86
3444 -67
1015 -35
3502 47
4982 76
4886 19
1970 -9
1001 18
2472 29
3840 -100
300 82
3011 23
4064 18
1864 32
3967 -85
881 66
4230 4
950 -25
4262 -25
4583 -48
1793 87
3917 86
4127 -96
1031 11
4062 75
2012 -93
4623 73
2550 -2
4206 -3
1065 -64
705 -98
4867 -90
1050 6
2564 -32
614 -14
3829 -27
4800 -91
1847 13
3266 14
585 -71
4939 35
682 -39
3120 57
2669 -6
3896 69
4415 34
3754 15
198 66
1992 12
1101 77
3459 -62
4506 -52
4510 85
1245 -4
4797 25
2876 -20
3844 -35
3677 40
4923 -38
4491 81
742 -34
3436 92
4734 98
3389 -7
613 -4
4723 -100
4546 -27
1235 71
2986 -47
1714 21
4355 -11
847 5
4575 -40
2307 73
4414 -61
3441 26
154 -100
4659 -45
800 -31
3274 -17
3181 -30
3980 -85
1527 83
3981 10
290 -68
251 81
1738 -74
3595 -79
850 37
3425 89
810 -14
100 -47
1080 26
2133 -4
2998 85
640 26
4781 -76
4966 13
3782 59
566 8
680 32
3477 94
2509 -93
3702 72
3010 56
3903 5
3468 -44
4564 24
497 42
1121 23
2007 -41
391 20
252 48
3117 9
4317 -10
495 72
549 -74
2567 -93
143 57
479 5
1999 25
4159 -84
4764 -26
1244 -78
3027 46
2167 -14
4303 9
2862 -9
4162 -75
3336 -69
951 -100
4036 98
1069 8
2262 -23
3613 66
2186 -45
1885 -63
1176 -65
975 -26
1778 87
4705 -75
4468 77
1456 -64
2273 85
1387 -46
3114 -58
2950 96
4145 80
4267 55
3457 81
3546 58
4236 14
1981 33
1953 40
1339 -64
3572 -50
3116 64
1977 -65
1663 -61
4039 -27
1090 83
116 -80
2858 15
4032 -48
3604 -100
185 90
2313 -62
4168 -29
981 57
2374 71
124 -10
287 99
35 -14
823 24
1274 -7
2774 -10
1142 46
2973 58
3765 -77
4136 -9
2541 82
2525 5
4676 44
974 -30
1076 -52
4967 -77
3923 3
4707 44
648 16
4760 -33
1080 20
2051 -60
1435 84
4794 -60
1159 -85
486 -12
2959 -30
3593 52
203 59
1474 6
3427 -65
2536 97
1792 -47
3525 33
1262 -26
2628 36
4043 22
4354 -32
180 -24
2990 -78
1919 -52
4507 -30
4630 -17
613 -8
2484 84
4966 98
4378 -25
4642 19
1815 -72
194 3
890 -44
4981 62
4519 68
3640 -98
787 -62
4821 45
1228 62
2966 40
4979 33
3821 47
4615 41
3489 -82
2980 -62
1229 32
1762 -72
3544 -10
1498 82
3723 -9
3219 -26
4221 4
2015 76
1223 -90
1350 31
2026 10
3863 -90
696 4
2490 -47
3624 -97
1441 19
1405 -89
61 61
3298 28
1097 2
679 -51
4332 28
4194 -90
1437 37
2288 26
2416 1
1799 42
4257 98
757 -59
3435 56
4326 4
3307 -82
4842 13
1124 6
1354 42
4254 81
4394 -48
995 -98
2422 -7
1251 63
181 50
1239 -75
4637 81
2424 -23
736 -98
900 -4
4358 -9
2513 3
1778 97
4098 -70
1922 20
2280 1
1798 -39
3725 -27
1794 50
4644 -85
2393 37
3191 94
4944 58
1111 -35
127 -32
1317 -6
4340 -85
2685 -34
180 -58
3177 -52
3635 -47
4595 39
3403 -29
2481 -24
3078 -34
1727 12
4666 29
1531 -20
1098 5
4102 -36
2793 -64
178 -51
119 45
747 -48
1158 -28
4626 5
2078 83
1663 48
3457 30
2903 -80
2346 81
4180 73
242 -2
3179 21
2750 -19
3137 -76
2951 -53
2885 30
1975 -92
1752 100
1745 2
4235 -100
1522 79
2008 72
1821 50
390 -52
4441 -88
4991 38
3571 -23
3981 -49
3972 53
2687 -97
303 -83
1940 57
1046 64
3780 -85
4765 74
1080 -67
737 -9
2194 79
4705 12
614 83
1806 69
816 71
3528 62
2691 8
2793 -39
433 -3
3494 34
3008 71
4374 -16
4336 -20
4833 -86
2385 91
4001 -58
2853 38
4331 28
2874 -21
1178 53
2813 98
1758 58
1986 -31
1181 19
999 3
3379 87
717 -88
1794 92
2725 22
4589 48
4476 77
4578 -89
951 -47
4210 -32
2510 -64
3020 63
4267 -41
294 9
2540 2
2791 -78
2243 -67
2552 42
3091 19
2253 -69
2164 30
2914 92
2151 11
432 -78
734 71
3635 62
312 4
3578 -46
1542 -97
1189 -40
2348 -92
3720 55
3685 69
2958 -71
4684 -2
1588 -87
4610 73
3225 37
2010 66
564 -8
799 48
225 -95
1861 -15
1327 -99
3914 -8
3515 -91
1568 31
4370 92
416 -17
1854 78
934 41
3469 39
3724 15
3850 76
629 -54
2498 67
388 34
3666 -1
910 -22
3660 -37
810 -42
3355 28
1365 96
3526 -20
2793 21
203 -1
2343 98
1527 38
978 -3
1355 -12
925 -24
485 85
1611 -91
3461 56
1415 33
4388 77
894 32
3852 -74
2631 -52
3999 -30
1160 84
48 60
4131 -96
3486 7
3312 19
4239 33
3763 -73
4976 -66
191 70
1670 -100
4424 -50
2911 9
4540 56
4324 87
4844 24
1188 87
2616 25
1469 39
2921 -14
655 57
1024 78
4952 2
628 64
3310 3
2810 -78
1895 -21
1303 60
577 75
1272 43
4667 16
2463 -22
3115 45
727 -96
1725 -76
2298 85
758 47
1342 93
516 95
3256 -24
4752 95
4378 -13
1556 -75
4198 42
1841 -20
1514 45
1706 42
1310 99
1589 92
362 -8
1902 63
1863 67
1268 -96
2772 51
4300 -100
1864 -93
3274 -6
3128 -63
24 -73
3596 13
114 74
596 75
2505 -37
3955 56
3377 -27
1142 -78
4549 93
707 -18
2308 -45
2164 -21
1234 68
623 81
4706 28
40 -33
3526 -39
651 -15
1986 -9
2883 -57
1004 -15
2937 -22
395 37
3927 23
1747 45
122 50
3175 42
206 -67
4430 -69
1823 -6
4160 88
2818 -43
2742 31
399 25
1383 3
4551 -49
209 22
382 97
3915 -54
4005 83
4061 57
1390 17
4508 -34
4648 -75
2432 73
270 7
1848 9
2045 18
2862 -51
1284 66
1546 70
4651 82
4886 -71
3997 79
911 78
3726 -62
2562 -31
1946 30
2083 -26
107 39
136 -23
2680 68
1910 70
4214 55
1342 4
4677 -14
121 -91
4233 4
3748 1
1228 84
2029 90
211 77
3516 -57
1450 18
3662 -31
3935 72
3890 -49
375 21
3137 -53
37 1
3712 -28
706 57
669 19
3487 -34
4508 -84
2347 97
3024 32
3156 21
4689 -47
1057 -35
2367 24
3753 35
2895 -92
4406 60
2499 -47
2163 6
4428 -52
4412 -27
1349 35
338 23
1255 -32
3831 -98
574 50
2703 96
1666 53
4774 -51
17 -65
3581 -92
2191 -56
335 4
755 -94
2160 100
3905 -30
4361 56
663 58
3670 75
3433 1
1623 17
2746 -97
2844 87
2973 -74
1851 80
1878 39
2300 -43
3874 55
450 17
543 39
3579 -71
3970 -45
3064 91
256 -86
4094 11
1114 61
1889 -39
473 -38
4884 64
3542 65
4169 7
3993 -37
1555 -6
2190 22
4356 77
3860 -70
959 -36
13 24
3035 -49
47 32
3129 73
1608 -94
1877 86
4484 -40
2400 -29
3829 -36
4296 95
3805 -54
4876 -18
4312 4
4007 -50
2538 78
226 -86
136 14
3873 97
532 -49
4874 -29
2844 25
3561 -81
1910 56
4135 -68
1701 -74
1304 63
4498 -88
2120 75
1229 48
4332 79
3741 5
4466 100
895 60
3072 -21
479 55
3371 7
1329 -62
3835 59
4641 -30
1223 -10
1934 -42
4224 82
2970 47
2483 41
4473 -65
125 -43
1017 -66
2283 -46
4148 -32
2143 72
2495 -46
3045 79
3707 -3
2742 -72
2931 -7
3678 31
1287 -56
1607 24
3108 -6
666 5
2670 -47
3802 41
2585 38
2209 -44
2096 -85
4078 67
1525 -45
2117 83
1040 -41
4286 -48
3078 -66
700 35
24 -88
371 73
4225 -33
3761 -28
2752 -6
4918 82
1189 99
2064 90
1037 -76
4251 -5
2454 4
4353 27
1336 97
2685 73
2079 -85
3507 36
3575 5
1743 93
3676 -8
2043 -45
1998 47
3828 1
2039 53
1429 -88
4724 -24
2504 -2
2831 -60
799 87
694 -29
593 -5
2547 99
227 96
355 24
3508 -14
3446 42
4271 17
900 -20
4522 -2
4904 100
1729 45
1953 37
1677 83
1605 -61
3072 16
3763 -75
2107 -20
1610 90
3552 42
4674 -63
2300 18
1176 99
1948 -51
1147 -28
3107 32
1960 -4
2429 18
3370 24
1260 -85
4601 -88
439 -61
3014 -12
4871 -88
3940 87
577 34
3288 -92
1870 52
4242 -32
4007 -1
687 -12
4184 -65
2579 -3
2824 16
2949 38
3205 -78
3016 -54
2496 41
2399 -10
686 4
2261 -62
4501 -48
2000 31
3638 -9
2714 -85
376 33
1081 -89
437 -56
3576 51
3868 -49
2572 -86
639 99
4861 -99
1899 -50
2974 -39
3378 -4
3687 -79
836 59
4398 47
2264 23
4791 90
2665 13
1422 52
2288 -64
789 -62
3523 87
1396 -16
3777 -2
1807 89
4238 87
1754 -50
4320 40
1436 -56
3749 30
3952 69
3406 57
1543 31
1739 -79
2133 55
1301 61
1758 -98
3780 3
1653 -74
2942 9
3192 57
4432 -60
3688 -18
998 -60
2196 -50
3032 34
769 -34
197 44
3980 -75
1245 80
2925 21
3866 64
4886 -95
1435 35
939 32
1555 -79
1168 -62
4236 82
78 78
128 -57
838 -1
3456 78
443 -43
1990 -80
2538 67
4219 57
4686 -11
2048 30
1437 -18
3152 -95
2840 74
2338 -11
135 -19
2214 -61
2276 -50
3868 -39
21 -58
2855 95
3918 -95
838 -31
1210 34
4311 -73
4006 -63
181 -97
1974 -63
323 -90
1782 10
3871 -30
3528 -37
832 -6
908 43
947 -4
756 -66
4426 -72
1649 -4
2258 -78
3177 52
4090 -34
4749 -56
1590 -83
2764 -66
1111 -74
1672 72
3230 -80
701 -57
2714 5
3136 -62
3340 38
2531 -79
4628 79
1820 -68
1667 32
3479 94
2615 -66
606 -95
3074 -47
3045 13
950 48
3361 39
2455 -70
415 49
4499 -68
2007 -34
3694 65
1689 79
1288 84
1101 9
4303 5
1335 6
594 -67
1373 21
82 -87
4185 -86
353 -44
4519 -38
4680 78
2604 18
1428 70
4491 72
4322 6
3254 52
1754 -24
2839 5
4988 -42
815 46
3629 65
151 -96
1129 51
2513 -79
4015 21
386 -94
1095 48
4289 -1
4678 39
4605 -26
3461 -92
2534 20
4276 -22
4341 -2
4063 -67
4037 33
1985 -70
2990 -64
1236 -4
3428 34
435 -38
1938 50
1891 -83
3074 -10
4977 -50
4625 -12
2569 -100
4616 85
902 26
2764 -62
2370 89
3346 -23
844 -12
47 2
2116 -27
2417 3
2688 80
375 48
1117 -15
3240 16
404 32
4717 -1
3712 46
4368 41
1025 87
1393 -2
2213 71
469 -10
4151 -84
845 -52
2628 43
1285 46
3753 -62
3275 25
2924 92
4027 16
1209 61
3390 -25
185 -46
3848 96
790 -92
2436 19
4428 55
3960 8
2430 34
602 -57
2244 -35
2748 95
1135 -84
4873 21
4906 -68
285 10
2077 45
2641 -72
4049 -83
2325 -13
3860 14
3572 10
577 57
3081 91
577 -15
691 21
1059 -57
3139 33
2500 -25
1121 -74
1677 50
1728 -9
2366 -81
2424 -9
749 90
836 66
3767 8
321 18
4458 56
4959 -55
1074 76
1397 -52
3677 -31
4046 -96
82 19
1690 -20
4154 55
902 73
3223 -93
4220 3
3515 -13
2670 86
257 -83
1852 11
3241 -56
2294 90
1055 79
1933 85
4418 86
4658 60
1477 -80
3848 46
4849 67
4549 23
2668 26
2658 -66
354 -60
3170 -66
483 -50
1749 67
1928 -77
2093 53
1343 100
652 100
3120 1
2477 -20
412 78
3784 -31
3493 53
2761 -87
2161 -35
1557 -63
3620 -7
4956 49
3770 52
1950 71
4492 -47
4748 -11
3704 -46
4427 -38
4278 50
3382 62
1937 71
4791 90
2846 45
1472 15
1975 -16
1060 -7
1898 6
2673 -10
135 88
4859 18
289 99
4120 -87
2002 -77
2054 -74
3105 45
566 -71
4572 31
1319 -80
2216 -4
774 39
1254 97
2275 38
2440 57
1872 10
3870 63
1575 -20
1086 -85
2457 9
1468 -27
2396 -42
3622 67
4786 -72
679 -46
4145 38
4359 9
592 -78
1607 53
4301 90
2699 46
3286 14
4570 61
4543 83
972 -20
2210 98
1663 94
3786 5
1442 48
3258 -55
553 7
541 -57
3995 95
4873 64
449 -7
3161 -30
1234 40
832 54
2586 39
4877 33
2865 42
3019 -46
2733 -86
1981 33
1900 57
1817 5
2228 -18
194 51
1308 34
3528 71
2507 47
942 -63
4823 -33
3719 -17
822 -49
4806 49
2881 -65
3061 -44
2779 90
1182 97
2878 77
3419 83
3346 -24
4357 -98
1325 68
1049 41
1690 46
833 78
2013 -38
111 -17
2707 -50
2665 -79
2060 97
2272 -95
2984 -3
4744 -27
4368 -75
3140 16
4901 100
959 12
2544 -22
4460 -28
1702 -45
2742 -56
4001 27
4948 10
3093 -53
2668 73
380 64
4008 -65
3789 -23
1248 66
1155 77
1857 31
413 24
3147 24
1108 71
985 16
1313 83
4104 14
3117 21
2410 -61
998 60
942 14
865 -22
2397 86
2985 85
646 -92
1222 -28
1910 40
2724 96
3503 12
1411 -21
4501 -71
4162 12
2098 76
3257 24
730 -61
4890 -6
3410 27
4355 -88
159 -63
3423 -65
1652 -28
350 -28
338 42
2058 39
4322 95
3113 -77
1095 -66
2373 27
1414 33
4275 92
3307 -66
802 -17
1272 18
1170 56
776 -13
4791 -34
3084 98
2564 93
3658 -17
3517 30
1254 -4
1371 -10
4381 11
1030 -35
4573 4
4796 -32
3884 -74
2950 -58
1349 -73
591 31
2746 -99
2169 -4
4210 -27
4205 -7
565 -36
2611 60
3454 -55
541 90
1244 -92
3328 -92
4715 -83
3712 80
3824 49
4969 -10
4670 14
3702 31
4560 41
326 46
2213 -86
2934 81
4653 8
1328 22
4328 86
3035 -61
4830 29
4284 51
2544 4
4846 -63
4139 89
3124 53
3742 -39
3740 -43
1638 22
1645 50
670 36
1572 17
4667 100
4758 96
4683 93
4739 -32
3255 -7
2240 -100
4462 -40
96 29
2758 -26
4823 95
4991 -18
4173 36
1344 -94
2771 28
36 18
495 -72
476 63
658 -76
428 71
4614 81
3851 -3
2036 -93
4013 65
273 -60
291 30
2808 17
1565 64
2254 91
168 1
976 28
3953 93
118 95
2876 -30
4613 94
68 66
2494 8
1834 -16
2550 32
1089 85
207 -52
4728 -27
992 -31
3173 -49
2614 24
3436 37
2026 -56
3880 1
2176 -34
1220 -36
495 76
3262 82
4723 -61
4618 -53
4255 77
2961 42
3322 -77
851 -55
758 -86
3002 61
2748 -32
4621 26
1628 -39
4831 -13
1161 -31
2528 -37
349 -97
3471 -18
78 68
4072 78
1541 -31
4043 78
4954 50
4321 -77
3965 -59
2850 -20
763 -47
1083 95
2687 17
2752 -94
199 -17
524 57
3338 100
2013 5
3870 -78
3163 94
2852 43
2611 57
1937 -39
2940 26
1325 -29
3487 -27
1751 2
1392 -92
3591 4
861 -26
3025 -88
4487 -40
1014 50
1739 -38
3028 -29
477 -53
426 -91
531 42
1465 -85
2192 27
561 87
38 -63
354 49
4195 -15
2016 -53
2664 -32
717 -8
1809 85
656 15
1129 79
1389 70
1992 82
2844 -20
2233 -25
802 -72
4875 87
2938 -2
3095 18
1735 78
154 -34
1506 62
2873 2
2388 -93
2417 -36
2402 20
4018 -73
2741 47
1701 36
76 -30
681 17
707 -70
715 75
2094 99
1550 -86
3276 54
641 55
1308 72
2344 65
1909 -65
4308 -92
667 24
80 -31
3184 -97
2824 -43
3934 92
3669 -67
4197 8
2513 67
1711 -62
3524 70
3107 29
4668 96
3375 27
4320 10
4919 -85
3924 71
2648 -39
4241 -87
2698 52
4446 -62
2870 37
2324 -43
1227 -62
3023 37
2911 -8
4165 -26
130 -49
4409 -49
3401 89
4014 -86
556 83
45 53
2560 28
2637 6
4450 -29
1933 -39
3754 -55
1813 -84
4976 -44
3599 96
3911 -9
2666 -17
2234 13
4638 73
1901 61
2590 10
1980 42
4069 -47
3099 11
413 -86
3162 -37
4215 -47
896 64
782 49
1896 86
2148 -39
3406 28
3095 7
4679 28
1558 26
4097 90
2853 4
573 18
3465 13
1869 46
3882 41
2788 -88
2340 45
702 -39
4202 69
86 -78
1321 75
571 79
3717 51
4453 67
1975 87
1577 68
237 7
3376 -46
2740 -99
93 -1
1302 -38
4228 -58
1118 -28
2754 -97
2383 -49
799 76
4111 52
4062 -40
3034 -15
2583 -54
3158 -98
1259 99
1514 26
1035 96
3042 1
2768 -83
1648 33
1077 -44
404 -57
3832 42
1445 24
3619 81
3221 91
1671 -4
2070 -90
2743 31
1620 98
3935 -97
4417 25
4451 -29
1835 -60
1518 -56
2726 26
4281 -47
2584 -69
4074 -90
1845 -33
2710 -4
2084 38
3000 6
4391 -57
3062 43
2976 -60
646 -37
2105 69
394 -53
4633 -78
2821 22
1033 84
4673 -19
3924 -18
230 8
3561 -22
3491 97
3041 42
4280 46
1304 92
730 -76
1494 96
4364 -80
1493 52
3365 75
1497 -4
2669 -17
3457 -59
502 51
172 -82
2015 -85
94 15
139 60
4205 -75
3979 68
3874 -32
3218 -80
1303 -48
1585 -57
811 -58
3612 -81
4160 -95
3488 -40
2620 -30
478 35
939 13
269 -39
1956 -56
1746 -10
269 94
1124 56
4098 67
4331 79
2538 -18
1565 -37
3423 14
2312 5
901 -73
2646 80
4400 -77
4982 -45
463 -21
4583 -18
3832 -100
2416 -37
664 -53
2450 -27
2343 -39
1645 91
3292 -37
3095 -36
1017 -70
1216 84
4885 -66
3291 97
3262 64
737 -27
2336 -28
14 -70
1869 -14
4521 -6
4092 52
1033 -68
4672 36
3900 20
1633 62
4940 23
189 11
1928 -46
4156 -60
1271 28
3255 -48
3274 -92
910 24
3642 -47
1590 -47
4065 -31
1219 70
4042 -10
1883 37
3977 44
2475 -14
3392 20
1592 -93
4663 2
2248 96
1256 85
3774 -1
2137 19
2712 13
2366 95
619 -24
212 -50
1231 -41
645 -84
57 98
1099 46
62 -1
3486 -26
1947 -14
951 25
1768 -42
357 61
3639 24
3874 -54
4704 99
2718 -7
4685 -58
471 71
3172 57
1968 3
3539 5
359 72
2171 -81
566 19
207 44
2396 -47
4334 16
3848 1
3076 23
4729 94
3875 62
1133 100
362 11
496 81
2181 -99
1824 -57
4172 52
3342 85
1469 85
497 60
2730 -40
2638 66
2874 98
1132 -11
4933 -59
3980 -91
2342 14
4705 -85
4241 -78
2771 46
2262 43
3957 -24
1861 -61
4498 -86
2433 -17
2224 -49
2619 28
1598 21
713 25
1687 -18
1953 -88
1737 2
4466 58
4557 -18
3859 -68
3198 -100
2103 76
3391 -94
3109 -91
21 3
2326 41
4107 -46
1647 82
4173 -99
518 7
2912 65
1684 -15
4177 17
1447 59
2733 68
2159 40
1986 -17
2522 23
4276 22
3096 -94
2768 -11
515 -74
3955 -58
1037 34
1121 -80
3598 65
1771 23
1026 -9
3530 82
193 -57
3521 -5
3062 -24
3624 91
892 -97
2031 -34
4357 -54
603 -3
2172 -74
2062 -51
797 -80
2543 -73
2914 -45
2242 -6
1055 -81
4448 72
1505 2
737 10
2776 -13
2849 -84
3879 -98
1664 -94
3973 -88
4024 53
772 -46
252 1
4938 48
4779 -53
3840 -89
2204 -16
3399 65
1266 -95
677 -10
2397 -35
2346 -58
4119 -81
4745 85
4932 22
3932 100
267 92
2351 47
4628 45
993 -62
2063 -90
3726 -86
4741 -32
3203 -2
1970 -46
1776 77
1750 -60
4740 -78
4624 -28
4418 8
797 -52
1434 -14
4804 91
4805 -31
432 86
3759 7
1328 34
1696 -84
1907 -75
932 99
3093 -68
3492 -64
3122 -98
2453 1
2581 -57
3438 -41
2602 51
4395 -30
1168 25
3900 84
2232 -15
929 7
68 -99
4390 -72
2097 25
1510 57
2109 94
642 -47
1850 94
356 -13
3281 -13
70 -44
2155 -24
693 -43
1839 -33
1025 -29
3361 -91
1526 -51
3568 92
41 -94
4580 -1
278 82
4273 -51
1040 -57
4383 -49
3235 87
4680 11
4023 23
660 -49
3461 16
3622 -9
1078 88
4461 17
1134 90
4544 -81
2730 -16
1258 50
3588 81
2657 55
4372 66
439 26
1435 -47
1485 76
39 -88
1846 -74
1040 17
4996 -98
722 -55
3801 94
3743 -2
4645 -73
1086 -63
3344 -97
691 33
1871 -24
4913 -69
2109 8
1784 3
4314 -77
3062 -77
135 -71
1858 67
2957 4
4244 -100
4555 42
731 12
4555 77
2286 85
1157 68
2882 34
1832 47
3444 33
4152 90
4497 -47
1813 42
650 96
2046 78
996 33
4575 -18
229 26
758 8
4452 91
3750 34
4699 37
1638 -34
492 98
3470 47
384 44
3017 -92
2036 66
4148 -94
2193 -51
4379 55
2311 -4
1584 3
1752 -92
1250 35
3280 -4
1479 39
2004 -7
2735 -42
3209 -42
515 -34
1510 -12
2986 -22
812 57
4284 60
3151 -10
4762 -41
985 -20
4754 -23
1826 9
1651 -17
4332 84
4567 -93
3993 -31
4453 42
2120 -77
1025 79
1889 -40
394 -77
3392 -30
1723 7
1117 -10
3884 -41
1607 -60
3741 52
3833 57
4217 -76
20 53
3245 41
2978 86
3780 77
2517 -51
4347 19
4958 -2
3811 60
4243 100
3054 84
1357 52
3783 23
4143 -67
2910 -97
3085 -28
353 -45
632 43
211 -100
2597 62
4911 5
3177 -58
635 14
2678 49
2697 91
3766 52
4705 89
4397 41
4448 -73
4951 -35
1089 -83
3430 46
642 74
25 61
4555 38
3013 35
4267 52
2663 57
3159 5
2268 53
1529 -55
3051 43
487 -72
3971 -66
350 -42
4828 -96
4546 61
4856 27
1391 -90
4359 -100
4062 -67
1762 -47
1988 97
4021 -84
3244 6
1001 55
2410 34
3526 79
99 -87
224 77
203 35
2476 49
4121 -10
3482 97
585 -70
1335 13
97 -14
3433 75
3063 52
791 51
3886 26
226 29
2863 56
3635 76
1513 -10
3197 46
3514 -32
2010 -28
1244 12
4902 74
1399 65
2091 50
2797 -27
4152 -90
175 76
463 -40
1016 36
4243 -2
22 11
4802 55
3808 8
4946 -6
2988 -49
4757 97
87 48
3210 -23
4516 -37
2749 53
4045 95
115 16
1749 70
4184 -29
3998 -75
2700 14
1630 -22
2300 -8
609 17
2367 84
2287 84
262 28
3896 -43
3235 -91
3075 -27
1211 24
1794 -75
1352 5
1698 4
2496 -64
2988 30
4548 16
3329 29
3139 76
274 63
2723 -37
1592 47
3321 92
4765 -43
3145 92
1207 -87
2997 75
4981 -74
3908 55
3960 45
488 70
2542 92
4048 36
1361 8
3737 72
3542 68
4414 75
2967 23
3096 4
4386 11
1265 -22
4941 -61
2209 2
772 -49
2326 61
718 97
2585 38
177 4
3175 -70
4717 -17
1428 -55
2383 -71
525 -63
526 -72
799 95
2191 72
4557 89
3597 -25
2941 1
2846 -27
3625 -43
765 -71
1806 -5
2147 82
3149 7
4900 -5
940 47
683 3
4799 -100
32 -92
2119 37
3676 14
996 78
3990 -83
2079 81
3938 30
2990 -81
467 -20
2896 54
3451 -4
3201 36
2221 -54
598 30
2503 77
2519 18
3740 -96
4707 -86
4976 75
849 -93
2560 -88
660 91
3773 -91
4015 64
3191 61
3448 15
2933 -34
603 73
4691 -79
3585 -6
2082 -6
1566 -66
2803 -77
822 50
2968 16
1880 -7
2340 6
4636 90
407 92
1471 -83
2074 -67
2019 100
4506 65
1757 -67
4367 -40
2544 -8
3806 87
540 -78
3804 -14
4926 -72
4753 -42
2197 67
2917 85
687 91
2224 47
719 -65
971 -9
4560 -14
3441 6
3656 -9
2437 -86
4569 -90
3913 86
2328 3
4282 41
2743 16
2294 86
3923 56
3617 -15
431 -8
4890 -63
1363 52
4573 20
4025 85
1475 64
1290 -45
1012 39
800 -84
2545 -7
3699 23
1890 -5
3222 94
3540 -9
2112 -33
976 10
2355 84
3319 73
4838 37
2824 88
2068 33
4875 -83
1385 24
4815 45
428 -85
3257 48
1229 -24
1144 78
3942 97
3546 -86
3572 -9
803 -29
1480 3
1964 -88
4533 -2
1859 81
1769 -89
3255 -18
977 -13
2086 54
480 -99
1207 -22
1158 -77
4905 56
4636 -71
3814 4
4768 62
3499 -82
4678 -88
3142 64
3067 2
168 33
3376 39
1370 -48
318 -52
646 39
3314 5
4552 -72
501 -22
1456 51
960 -92
2586 -59
4840 78
2849 -53
1281 -23
4667 -92
4867 -37
3649 2
1970 -5
806 -6
2244 -13
1761 -72
4621 10
629 -49
1040 -50
489 30
4143 48
3119 -15
2269 15
1268 -36
3259 -41
2660 84
4639 -97
3922 17
527 -97
2475 36
4059 -25
1296 -19
3738 -37
3237 57
1248 -25
83 83
2326 95
4170 -33
3463 -6
1485 -32
607 -58
694 -16
4044 -63
1680 53
3057 41
1770 89
4578 23
2455 48
1029 -18
2690 80
1575 -17
3178 75
1969 -68
217 -63
4189 -95
4848 -3
3500 -72
4785 -2
326 8
4299 -36
1880 -77
777 -51
4988 -80
3251 -49
1506 -17
4650 58
4115 -5
3580 4
862 40
776 -66
1157 16
3965 95
4892 23
2981 10
2617 12
1855 -70
3816 -19
3079 -33
3449 13
3658 -26
3692 53
2829 -10
597 -26
2613 -17
445 49
4635 -65
1380 -19
2829 35
118 13
4923 -13
2896 70
4563 -14
3404 94
4407 90
2174 54
1857 -98
811 -84
3149 -64
2451 -92
930 -61
3010 -36
2551 31
4869 -45
3503 100
4138 -7
1685 80
2054 88
1358 -50
4025 50
3505 -52
1158 82
4324 91
2183 94
3035 -14
3140 -17
2942 6
4780 42
33 -95
178 -52
3035 77
3527 -33
901 90
4719 -13
4736 47
360 81
1466 -20
3560 13
1508 -45
753 77
4153 6
3583 40
1107 -18
2924 -18
254 -36
2953 -72
1508 83
1253 -48
1944 -60
4938 -67
2909 -71
711 23
855 57
1310 -63
612 -38
3145 44
698 48
3915 -55
3928 59
769 2
4616 40
1207 -48
1363 -10
3688 64
1549 -74
1033 85
2499 -81
3765 78
4741 44
1936 23
2452 -92
4091 59
4491 -65
2053 -79
2404 19
799 67
1540 52
1136 50
3543 -66
4351 7
4850 -94
2948 -45
707 88
1278 78
26 82
4858 -37
271 35
3313 -75
4250 -62
2010 -4
3713 54
327 55
1705 -54
3265 61
992 -90
489 16
85 73
4982 95
3945 7
3066 -57
4280 -18
1391 -31
3488 -57
1415 -13
2222 77
1018 -20
2249 8
2453 92
471 -26
4845 -22
3572 88
4205 19
3340 9
4387 49
3624 -63
1075 36
2951 54
3170 -2
4099 6
3636 29
2438 -73
1923 -44
2415 48
620 40
1153 78
5 -1
2665 28
1921 -78
1401 -99
1403 -97
1344 -84
1856 22
2976 -96
896 62
678 81
3599 85
2974 -90
2401 -6
686 -26
3299 79
84 -81
964 77
144 -32
2314 -7
3214 -54
115 83
442 -81
3499 54
2455 7
1407 92
1694 91
755 74
1862 -90
2431 -85
4433 50
4019 64
2546 -78
1326 71
4984 70
4920 24
3889 82
3233 -27
4809 81
2942 95
4881 77
4949 -9
4450 79
5 76
1717 -2
2569 37
3563 -57
4783 97
839 29
932 37
2374 -31
4731 -11
413 11
3917 -13
3743 69
4639 -85
2069 -6
2725 -20
3713 -2
3248 93
3759 76
4678 1
4080 31
1806 95
1884 63
651 -5
1674 44
1545 -64
793 -40
3281 -52
599 51
3979 9
4721 87
2276 18
2998 23
3605 -59
4369 61
3853 -35
3190 79
1867 -23
4871 55
4575 53
2061 31
1389 4
531 79
1878 76
1420 -33
1225 -1
1721 -5
269 94
2819 12
425 -82
1822 -8
4736 20
2324 60
1471 43
530 20
4823 92
2246 -68
4944 89
1197 9
1602 -27
2841 -3
1932 24
3852 11
248 35
1076 -57
2057 86
3394 8
572 5
4514 49
90 45
3225 98
979 90
1093 21
449 73
3629 72
4347 -48
2885 56
963 -49
3849 -72
713 -38
1980 27
822 -51
1974 29
4113 74
59 -74
2639 2
4377 -1
2520 -85
3363 -100
1750 48
3338 13
3264 92
2514 13
2236 -38
4029 -2
322 61
3169 99
3669 -27
4688 99
1148 -61
4082 -63
770 100
838 15
4028 28
1195 -63
3263 -44
932 -65
2085 85
389 53
4692 92
708 39
414 72
985 41
4393 79
1102 58
2524 -52
4943 -66
441 97
1537 81
2946 21
64 13
286 72
4171 85
3287 69
2165 -13
1187 15
672 90
1494 84
969 -25
135 -13
139 -58
2767 74
2436 -59
1334 -81
4842 67
4152 84
2528 -70
4549 41
1354 87
1979 -55
3821 89
4881 -79
3278 46
4996 33
4426 -18
4022 11
1307 -63
2575 -90
4620 -90
3977 -95
1295 -26
287 46
2589 -26
3723 -56
3328 51
864 -76
3869 -97
4367 55
202 29
992 48
1869 -24
677 19
182 57
4171 -97
3978 -71
2147 99
2830 62
2202 31
2516 49
125 50
4710 -93
3741 -62
2097 -90
760 -72
4725 42
2065 71
3153 -69
4295 -98
4417 -52
435 -67
381 -43
2844 53
816 45
531 -41
4769 52
505 -76
3603 -92
4282 -44
1910 90
3039 58
12 -45
3347 -25
71 -68
1718 -83
2458 66
1269 -34
3001 39
482 -93
914 74
1812 -83
1005 -73
1850 -85
791 -83
4924 -53
8 22
2119 79
4673 100
3118 52
2156 -33
4852 46
1639 9
603 14
4586 15
4403 58
1938 -81
606 41
2264 -11
514 84
4637 53
2895 -61
3326 -12
2292 2
3141 -56
2293 93
1467 96
3119 85
4870 -90
2424 5
4910 18
945 6
988 -53
2397 -30
2020 73
3352 -65
4964 58
921 24
1988 -42
2838 -63
4292 38
4859 -99
3036 -43
1815 82
3150 -78
2977 -97
3403 100
3661 -16
2060 36
863 23
1935 -12
1264 -55
1746 -13
4408 -49
1543 63
3995 -64
1351 92
4135 -94
2759 54
4798 13
4025 -75
3999 9
4718 25
819 70
3346 -29
3373 72
2899 18
3241 -68
1669 -54
172 -13
233 62
201 86
3582 36
3410 -54
4205 72
1412 -69
2062 93
3205 -44
4854 -36
4068 -4
1708 75
3356 -60
2981 -60
974 93
3096 -55
2241 59
2403 22
1285 -83
3020 40
1719 45
2179 64
4776 -71
3509 -27
3095 -7
2057 -80
2387 28
161 -68
3279 23
4979 -59
987 -30
122 -100
3967 -78
1372 -5
3622 -14
4125 -60
2087 16
271 -54
2089 -15
2098 -93
1503 23
3020 -62
1060 35
2625 -1
2049 25
304 -46
1838 -22
2539 9
2515 31
4400 71
1215 -20
4676 22
1019 94
3666 53
1126 29
2845 -29
3584 -84
3025 -73
383 -12
1234 -78
1907 29
1093 -43
265 71
685 89
2782 -54
175 -79
638 -75
313 -59
4470 35
197 -17
2295 50
915 8
3131 52
2300 16
3749 -53
878 -34
3991 60
1277 50
1625 62
3903 32
2509 28
9 -75
1080 -41
1738 71
2002 22
1643 -70
1211 -48
2937 90
1197 -66
2726 43
2404 45
4841 5
1130 65
1535 44
3091 82
1285 -35
3586 77
4688 88
3551 -76
4646 -25
872 -50
1820 -5
2460 45
4570 -75
1802 61
2904 3
1456 -87
98 72
106 -59
807 -62
4753 7
2154 78
4372 -49
4782 -8
4176 -29
3205 -31
3510 86
2654 -41
4925 39
169 -96
165 -2
4614 54
1059 60
630 -31
4861 -64
3194 -40
3266 96
3662 -5
2716 -10
1683 34
3856 -54
2810 -19
4012 84
4921 42
4162 23
4482 -83
2838 28
4335 46
422 -7
2556 74
3840 56
1729 63
4729 -72
859 83
2605 55
4142 16
3674 -49
1062 87
3959 73
3642 -47
278 2
384 93
4925 -21
3607 -49
3411 -60
549 -64
4566 -58
3729 -31
3049 45
1595 3
3343 -96
2558 73
2991 8
1359 -32
2580 38
2169 -100
4607 48
4082 -66
4930 -46
276 -46
2676 -40
968 -83
3232 -40
1493 82
665 40
3353 -72
3697 -92
372 98
2143 -80
2969 61
1490 89
4335 16
1888 -35
4073 66
2199 11
1972 -75
293 79
4431 76
3114 -99
743 -94
263 -14
3665 3
4858 89
1832 77
3650 1
1539 99
372 -70
3402 15
1063 97
4636 -63
750 5
2078 19
941 -83
569 -40
3807 -23
2671 -25
1866 63
2384 86
3653 -87
2814 -1
4189 -89
617 -38
1434 -15
4879 7
24 75
4067 33
332 -56
462 21
2537 -57
3726 -9
3419 -74
4582 14
4527 -31
4463 -16
1222 47
4804 70
3101 -89
1484 20
4705 81
3826 70
4836 -95
1186 -66
899 -47
3971 26
969 88
699 9
3537 65
4995 -17
3809 -100
4983 56
1330 -82
3391 69
4486 54
4697 -5
253 -27
2531 -47
4245 -97
4782 33
3252 -27
2190 -35
1675 69
125 99
3474 -41
1247 -27
4260 -75
3734 -27
4471 10
925 54
931 -88
4192 -39
886 28
2200 3
4319 79
4495 52
1696 51
4596 -62
3892 95
3120 -66
3627 42
2869 72
3531 63
591 100
3791 99
322 70
3526 16
3657 -63
949 58
4647 -1
4531 73
206 99
2508 19
4464 49
1198 39
1184 -82
3372 55
3374 -80
3570 89
4783 -37
1585 -35
2611 -66
2052 71
792 30
2382 -93
1142 90
4268 26
3457 -49
3304 -74
403 43
2874 25
4343 -62
4031 -24
468 75
595 18
4555 100
2669 -93
4814 -12
3296 -69
1766 -72
1222 74
4844 -47
4187 41
1760 -72
2024 91
3882 -85
3517 -91
4301 -11
958 -24
3409 71
85 -36
3922 -58
235 -1
4722 87
4526 98
3382 22
2429 55
3640 72
2767 24
817 81
3192 41
2765 -78
3879 -99
1915 -33
990 -6
752 32
4405 13
2319 -93
2957 33
2318 51
814 -68
1019 11
2776 28
271 -58
264 24
1130 -13
3103 -17
3346 21
2513 39
2911 48
4302 -65
418 30
4237 -48
4640 75
4996 -45
2536 61
639 42
1735 44
4463 90
2942 -2
4339 -64
3199 66
3638 -35
4534 -71
506 10
1190 58
42 -45
3762 -83
3724 18
1534 -32
859 25
2514 -16
2515 66
1343 4
4267 89
1551 -94
676 -35
4745 -76
2103 89
1614 65
1189 50
1480 -8
1554 -73
4703 40
2861 82
2376 100
3487 50
480 25
1443 70
2189 24
659 -38
1193 -78
1044 -57
3850 63
4144 -65
3784 25
3959 -52
2413 90
1555 -69
1462 63
17 -3
4432 62
3572 -6
3598 -49
3558 -98
2716 -41
2624 77
308 -35
513 -99
3989 53
1407 66
1249 -83
2700 66
3665 37
2494 -87
3399 44
3755 11
4752 34
1870 93
2902 57
36 98
3932 4
3484 -52
3385 4
2482 68
2624 -62
1242 -60
2294 -67
896 -70
2251 39
4171 -40
3025 76
4596 -59
2456 42
1554 26
2743 -60
2795 35
4332 77
4013 70
2351 66
3334 68
1072 -38
1814 -14
1906 61
2718 69
1743 -22
1028 -17
678 -11
1798 -94
2609 6
1011 -9
688 94
3275 -66
903 -31
4661 -88
4326 -6
1578 -100
2657 -27
3506 5
1372 -54
3505 -14
427 -24
1514 11
10 37
2425 -40
3962 100
3715 78
830 7
990 15
3208 21
4833 -92
552 -49
2788 -75
3354 89
1860 -50
4670 26
4880 -88
4869 -54
3961 36
307 77
2867 -84
4002 -69
3047 72
4629 60
1002 -65
1827 76
2780 -46
1792 -77
2870 45
1816 58
4057 64
1747 82
311 -83
3967 82
1372 -10
1302 64
4072 -42
4747 73
2805 16
3291 -85
4413 -52
2355 9
1317 -55
1789 17
3478 -83
3243 54
2104 -7
4942 30
2977 -76
1520 32
3175 -75
4864 -39
587 -94
3391 -10
4256 -50
4185 80
2706 -74
2600 29
3362 23
1508 -51
205 -70
3511 97
874 -12
1254 50
3615 -40
682 47
107 -83
2313 41
4343 40
3057 1
392 -60
4818 -65
2337 27
617 -100
2799 53
3711 -20
2949 -53
2615 -11
4003 -23
2793 -66
504 -22
3960 -65
2078 -35
1798 23
156 -92
2761 42
2853 4
432 52
803 66
2327 -20
1510 64
3557 -68
3330 -79
3054 -56
3983 5
4731 -61
2331 -73
1889 25
3422 57
1271 -59
3494 -37
481 46
1106 2
1 -83
3192 89
2123 71
1858 2
345 -32
2901 -73
824 -46
2315 68
3821 -61
2005 -93
1649 -98
1845 -51
453 42
233 -64
4038 74
3651 18
3523 -18
3683 -93
4288 -8
247 80
4889 -37
3970 -85
122 81
4427 33
4216 -65
2728 3
3386 -53
163 -27
3848 9
330 49
1658 95
3239 35
562 57
748 30
3359 9
3739 24
3436 -3
977 -40
3678 2
358 2
4374 31
3726 -40
258 -79
4422 40
2802 39
3085 -97
3920 35
1533 -22
3255 -98
1077 75
246 84
649 9
3960 86
300 -43
449 -16
1324 -70
2950 -54
2768 25
4587 -57
3607 64
157 -40
2247 85
4467 -85
1026 96
375 -48
4520 48
3551 -71
903 -21
3905 40
4881 -26
1892 32
4312 -88
2218 -87
2218 -5
1437 31
4974 -57
3615 -77
1281 -27
855 82
592 -86
2920 18
3085 61
1735 73
532 42
4776 11
1267 -47
2680 -72
1966 -87
1890 19
2040 -25
3724 68
4396 -87
4006 -72
2021 6
817 89
770 64
1399 82
3959 13
1647 78
2425 68
4819 -59
2074 -82
3501 30
373 -35
2203 -55
4484 24
4484 -93
3522 44
4230 -2
2462 100
161 24
1598 43
3507 -16
3972 -69
3526 41
3294 -96
896 -79
2658 14
3249 -35
4560 -64
3628 77
530 37
4661 34
27 92
1351 64
1746 -41
4685 -34
1568 29
2703 38
4738 -87
97 -46
3597 -25
2313 -55
2449 15
3026 -93
2597 -43
1999 -40
713 -25
2262 -44
3577 -46
769 84
3996 80
2561 28
2266 -41
4785 -41
3645 66
3490 -63
215 -13
126 25
527 38
3273 -15
3344 83
1268 -30
4411 -91
1447 8
77 -44
2046 -40
3392 -29
680 96
1614 -21
3635 -48
4135 -72
4415 -15
434 -35
994 45
4120 -43
111 -19
3263 -65
3343 8
4908 -87
4240 53
2105 -87
3852 74
4337 88
1233 21
1621 -67
3200 -38
3107 -48
4262 62
437 -4
4863 -64
3108 -3
2572 59
3170 -11
4313 99
1502 32
757 -4
3181 3
811 61
4328 -74
3049 62
609 24
1141 -84
413 -55
2505 -25
1115 89
362 -90
1708 -98
3416 78
180 -89
1906 -68
4187 17
4126 -25
1927 17
1926 29
1709 33
4246 -99
1386 12
290 20
2515 87
2554 -18
269 -24
3766 -10
618 87
346 13
2262 -38
4219 -98
622 -44
3706 81
1578 70
4917 36
3125 -42
1808 10
2108 75
4437 45
2650 -90
2861 -4
3136 22
182 95
2415 -100
2717 77
2994 -94
1080 70
2452 -77
388 -85
461 73
2084 -22
4502 -34
4100 -70
2519 -51
3626 -17
1325 85
886 -78
4721 57
1152 60
524 47
100 -60
4097 95
840 -97
1331 48
4851 67
1315 -44
2497 20
2907 -5
4653 77
2171 -80
3110 56
1682 7
3728 3
1724 94
4436 25
2285 -27
1912 41
747 -89
1241 -47
1486 -99
590 69
1989 78
1535 12
3329 -39
4889 -62
3896 -49
1675 86
2758 97
4569 -43
4612 -35
3410 21
3766 -10
3424 50
928 85
1255 -13
1961 54
4359 -1
945 -75
978 -32
462 -1
214 -64
4695 -74
1940 91
4322 15
4918 -42
4514 48
395 8
824 -18
1547 63
3804 92
434 53
673 -66
4213 -13
1238 -52
75 25
4669 94
1211 -7
4080 -53
4681 -28
285 74
2801 -78
4694 11
2026 35
923 -47
2314 84
3804 -10
1001 78
968 41
3297 20
318 -52
3843 37
4085 89
740 83
2097 -8
2479 82
3155 47
4989 -2
3375 -3
1841 -22
581 19
4749 88
4780 -30
4992 -66
2303 5
2950 -54
2006 32
4139 -86
3265 -26
2110 -53
1706 -93
3691 25
864 -26
4271 5
4585 -48
1784 3
1830 -52
4878 -57
3279 47
3002 11
3695 -20
675 -26
4136 68
4515 83
1198 53
3986 89
4005 -24
762 -54
4245 -83
4179 61
3758 -15
4914 61
2394 -36
979 -23
4715 -37
3201 -86
2090 -71
3387 76
1230 89
236 33
1162 64
2064 -73
1634 38
3437 32
1745 -62
1140 76
4759 -76
783 17
2737 3
2956 -84
4440 20
885 81
4317 44
3872 -77
1767 66
1495 -10
1098 49
3228 8
3647 90
2950 -79
1668 86
3558 77
1238 62
749 78
773 -1
1024 67
3350 -14
2544 11
1992 -91
2924 -37
4222 86
4753 -53
227 62
3629 -100
3397 100
1273 25
1102 -48
4938 50
4916 45
123 37
4868 -60
3589 -33
3523 85
2634 -63
2498 -92
3529 -88
3572 12
78 -66
2626 3
2158 18
679 -41
2152 -60
1487 48
1272 70
2257 -3
1566 53
223 81
4280 -52
1282 -82
4572 -7
721 -17
1655 47
2125 -99
3709 37
3685 8
447 17
4325 82
68 56
2614 -88
1877 -69
684 -93
1198 65
4711 19
4745 95
2581 -4
3422 -88
4442 -86
566 63
3223 -30
3687 95
3170 71
4648 6
4328 -3
992 -65
3616 61
4455 -42
76 -63
3405 -56
72 22
8 -44
4136 -82
881 -52
1896 -51
4305 79
3170 22
2173 -37
1762 -44
317 -19
3850 75
4029 -99
2730 -6
637 94
299 74
2777 69
2815 25
2995 94
3088 -67
3889 80
4611 97
3477 98
1876 78
1626 -59
3726 48
3857 46
3009 74
1149 88
2733 34
2835 -22
3915 -62
3342 73
3826 -1
855 76
3957 -1
2731 78
3777 -34
2969 94
2479 43
421 -75
758 61
45 75
3660 68
4334 -45
407 -99
825 -7
4716 37
1247 66
3411 86
648 17
3198 37
4321 94
3843 90
4993 50
4394 -35
773 -42
2986 18
3096 -86
3196 32
3722 94
3860 93
1172 90
1704 -62
4281 5
2460 -49
3845 42
2519 -15
3610 52
3735 -47
4427 94
1108 67
3182 26
2045 -49
2710 -53
861 -85
553 -96
3962 -40
3509 59
4086 68
1809 -54
3675 -33
2883 40
3753 21
1478 17
1052 26
3219 -86
3752 -90
636 -52
4670 12
4049 97
1142 57
2512 -84
682 -66
1005 -18
463 -96
1517 47
3010 17
165 -68
3887 55
615 24
1127 -72
1530 65
5 -28
3597 -9
1366 65
4172 80
1216 96
515 -57
4225 -73
2784 59
2999 -26
1249 -4
2712 86
197 42
2477 -90
1955 55
1849 -79
910 -46
1125 -61
3515 -37
2128 20
3105 70
1661 -18
3478 82
4559 30
3071 7
4178 61
3593 10
2832 71
4429 48
1704 62
782 -42
2249 -98
3405 59
1903 -36
2756 -46
2838 16
2014 -93
4854 -37
2879 68
2927 48
1644 -51
279 84
599 32
97 -37
3952 91
4120 -46
1097 -36
3497 -1
2443 55
4155 85
3056 11
1307 54
567 -85
4315 -83
2107 31
2015 -83
918 54
1058 -51
1616 -99
2022 -93
331 -48
2323 3
246 61
210 -28
1412 -94
4311 -100
3098 -14
3433 -84
2874 -41
651 -8
3338 82
3930 -12
4059 -86
2970 83
3463 -92
4491 -3
172 66
2955 -63
1336 -47
4109 -20
1782 22
2409 -59
2296 40
3363 98
1274 67
433 82
1910 -24
3917 -95
217 -1
3776 36
264 -96
2715 -29
3451 -37
4069 85
1131 -99
4696 72
1777 -57
4121 -66
1510 -34
4523 50
1104 -77
3648 40
3379 6
2059 56
2658 77
3638 59
841 54
790 -83
1439 55
475 16
3359 38
1871 94
3419 -41
3004 -71
3986 -29
3992 -87
3454 -24
633 -17
3094 -6
108 97
2746 23
3976 -81
2864 -51
1507 -22
1678 -25
859 -62
2394 -6
763 -11
3734 44
1873 89
3349 -96
1970 -41
3679 69
910 -84
721 -42
4419 71
640 -29
2929 23
2075 -85
4518 -71
2083 95
4480 95
2228 64
97 -94
2442 55
3249 75
2860 -93
2434 -84
1251 -12
3756 -87
56 -56
4249 -38
1661 17
157 -45
3945 -93
4704 35
3291 83
3452 94
4597 -80
4517 -30
3730 38
1938 -93
1108 41
2624 54
2393 62
1137 6
4626 9
3498 51
2033 -2
2307 51
3835 -67
3701 96
2735 33
3165 -93
1439 16
3648 8
4390 97
2878 -22
1545 19
2994 51
2331 57
3261 92
32 44
2007 30
4344 -46
986 -84
2988 -31
4993 21
2748 50
1256 95
2331 -40
4701 70
3007 -31
2006 14
671 -20
44 63
2613 -100
4355 -88
2415 80
3826 79
3597 -87
4211 -17
4368 -69
4506 75
1437 -32
655 3
3104 -98
3173 11
1444 65
3108 80
3864 57
1041 5
1548 15
3120 -34
1411 39
3469 27
2575 81
771 85
1699 9
3106 -4
3950 -12
211 -27
2939 -67
1494 66
4233 85
1825 47
2963 -16
4315 -42
2532 -64
1379 -63
1035 20
94 21
472 31
3830 -22
2379 -67
3905 -51
4064 76
4607 -90
1411 -5
918 -88
3940 18
1636 52
4102 -98
181 69
696 50
3409 -80
438 85
707 -100
2692 -59
3091 69
3657 38
3748 -77
869 64
4311 65
4623 97
3334 -44
4972 -4
3852 -41
2935 -100
1106 -43
2446 34
1637 42
1478 -89
1086 -57
1996 -19
1586 42
111 -75
1636 99
2119 -2
4322 -36
514 93
4634 90
4669 27
4720 -4
4967 -41
2457 89
3303 -74
1589 -36
726 72
3405 -42
2718 16
3672 -81
1366 -67
3965 87
4835 -7
2245 -73
882 82
2069 -84
1009 24
4285 1
705 -5
2714 -22
3302 -45
2592 11
4375 27
646 13
4342 -10
574 43
2328 -64
1724 -72
787 56
1383 -60
1792 74
740 75
1594 18
673 -93
432 90
4175 32
2544 -5
3562 -32
3336 8
3231 46
975 -28
229 -72
1310 63
3107 9
161 81
2409 -12
3273 -38
1056 82
2746 -43
4048 -30
1323 60
4224 -87
1695 15
1757 24
1409 30
1344 -42
783 -3
3406 75
2287 82
3214 -79
3921 27
2550 1
1194 -77
1446 71
330 27
1926 -36
1759 -79
3725 -14
1385 19
3074 -5
3374 -19
3261 -91
1610 -92
3786 -38
192 83
44 -13
3045 -90
1525 100
185 76
828 -60
4797 -85
4767 -58
2664 18
3832 -79
26 17
4007 60
2118 -3
143 48
2837 -24
1136 60
3253 88
2164 -84
4067 -2
1506 -66
928 -97
366 -74
4041 -80
2767 49
268 -43
2928 -80
1524 15
4430 -20
2201 -83
1854 49
4472 55
4301 -34
3680 100
3359 92
1212 -59
1073 26
1473 6
857 -81
342 10
3944 62
4142 68
2313 39
3815 -39
765 70
4658 80
4682 92
4269 -16
726 -89
4866 -97
755 90
1249 -33
2277 -26
556 -90
3775 -56
2403 20
1709 -30
972 -11
1716 -31
1073 -57
4891 74
1377 28
5000 -29
2766 57
2001 -13
1063 39
3869 -93
1490 2
1751 25
1860 92
2158 64
1588 -55
3347 -83
3395 34
1898 99
4620 99
3924 14
4490 -34
586 75
4291 -25
1821 -36
2578 -93
516 -32
2910 78
1668 -72
564 -69
4704 40
798 -15
4816 -56
4825 -42
3250 84
3629 56
42 -33
2489 48
3734 -9
2129 -76
3738 -91
3779 -47
1447 -44
2138 59
4065 -35
735 85
2385 65
1415 59
3517 47
1938 32
2651 60
931 97
4914 -28
2890 -74
501 11
4567 27
4017 62
3015 98
822 12
456 -80
3832 -70
655 -20
3072 50
4548 -15
2610 4
508 56
3222 -74
2147 91
3417 5
2119 -78
1732 33
993 17
3682 -71
2595 42
3519 -41
3222 -2
2437 61
3550 83
4326 -81
4633 97
1410 -67
3658 -50
955 -43
919 76
1439 -70
3014 41
1562 -14
1101 -50
996 -51
2068 -28
1125 13
1998 -22
341 -79
1930 85
4959 56
4741 94
432 -59
4309 20
2166 -72
2420 19
3540 39
4961 -63
1325 -61
2663 53
4275 -82
3327 40
4392 81
1259 -64
180 -25
4128 -90
4089 -9
2822 48
3986 9
3534 85
89 47
89 -74
1547 -100
2376 -92
29 -2
501 81
3562 -8
2634 48
2418 70
3255 55
3425 -40
1534 80
3676 -20
1633 66
4714 -93
84 -22
1515 -74
2546 35
3136 -69
3259 -38
4632 44
178 -68
3223 2
4512 -77
1653 61
3475 -74
456 9
1684 76
1334 21
3389 56
2736 -66
4461 -49
1358 78
4971 53
2677 64
856 -16
3656 -42
2343 97
4549 33
2693 18
1381 -58
1740 93
1248 -6
2636 -15
1184 37
1605 14
3038 -21
4295 29
623 71
159 -19
1161 12
963 -44
4742 83
2074 82
3820 17
1634 -100
3990 56
2694 93
782 39
4587 62
3849 -20
2656 80
1820 94
2698 -36
1613 -61
2592 32
2844 -18
4672 7
3122 52
1391 -85
4874 -71
3601 71
661 79
2303 -98
2512 -96
2473 8
140 -51
3552 -95
2003 66
1114 40
2397 82
2012 -55
920 -55
215 16
3322 -70
4060 33
4064 -57
1377 -49
3694 100
1794 -54
1617 20
2010 -68
3333 -79
1053 50
2869 -16
3095 89
1620 49
3991 64
4880 92
3759 -85
668 31
3183 47
4904 8
141 40
250 -44
40 12
1039 59
2033 -78
631 21
2483 -52
53 -10
3443 -29
3312 63
4634 -67
1271 59
2897 8
3571 48
60 -86
3741 -70
4658 53
3253 35
3846 39
4798 -34
3089 -45
1123 -78
3121 48
2177 -97
1263 19
720 31
429 71
499 28
2949 32
4610 -29
3089 -78
3526 66
2523 40
118 13
2351 89
1253 3
159 75
1551 -55
1833 5
3097 53
1356 -63
2597 51
385 29
3969 51
4623 20
2408 -70
2414 -74
2948 -84
4964 -34
3661 -67
3834 -15
4925 22
3055 18
2697 2
2379 -22
4716 -97
427 4
2644 17
1865 -16
1039 -32
1126 -92
216 -77
482 1
3502 55
4394 -3
2803 -82
389 97
4607 -76
1063 71
3884 -36
3872 26
2381 -51
3359 -19
2191 100
2845 54
2646 -47
2651 1
1624 -41
2512 -100
2984 62
1698 -97
2489 68
281 100
4479 -11
4131 1
3913 97
2595 43
2900 -93
1527 68
3990 -79
4029 -14
2771 -12
431 100
3843 32
1507 -10
522 -93
2336 -57
43 -51
1897 2
1664 -28
3228 69
1811 -50
1145 -72
3238 3
4335 45
928 3
664 24
1191 12
1838 -54
115 3
4005 -66
207 93
2560 -55
1344 -100
2390 -89
4828 23
3922 -50
2266 13
463 56
3688 45
2281 -59
4327 63
4892 21
2112 -32
3475 -76
3193 -17
1787 -45
1591 -18
4001 36
913 98
3991 85
2813 -17
541 -43
1969 -87
1684 98
374 24
2613 69
1768 55
2679 -97
3533 98
4446 -62
2125 -52
4072 16
1903 57
1961 -77
284 60
754 85
942 49
4465 -17
1786 95
2943 -27
216 -24
4284 48
38 72
941 26
468 87
3162 22
2163 -75
412 -69
558 -33
4865 -70
28 -12
1155 80
2841 -63
4352 -1
74 -93
1732 60
587 22
4758 36
3275 -47
3319 56
2038 72
1556 -100
946 -6
3461 -46
2414 49
3088 -22
2588 54
1857 -92
1710 -50
284 76
4170 46
2639 -35
919 91
3102 -88
3778 100
3414 -13
1522 100
1618 39
4111 -95
4560 56
4180 40
4351 61
1227 100
2648 -70
4318 23
2662 53
4410 -66
150 39
991 8
1560 71
174 -30
222 -61
4613 63
4290 -89
419 88
4059 6
1003 -19
1133 -28
4009 -30
1341 -72
4764 31
3448 4
1382 78
838 90
4916 -31
3746 1
2093 12
2830 14
2575 -46
3142 6
2738 -99
3246 62
368 -61
3978 95
4428 -32
4682 -47
107 44
2407 -36
2140 65
2592 92
3027 33
3618 -23
3233 20
542 40
3481 -69
3820 -96
3323 30
1638 -36
4899 -94
4817 33
2733 -76
3410 -3
4352 20
4236 -4
1603 45
2720 -77
3628 49
4123 -71
2035 8
4937 58
2324 74
1933 58
4714 -20
1033 71
4869 -59
4705 -13
2517 -33
1117 -60
2909 -83
34 69
2786 5
2840 -29
165 13
2993 -26
3218 -11
672 -31
4173 -35
2045 -4
2276 -20
4764 -80
678 -13
2750 -50
2092 89
1705 -53
2176 -98
1460 67
2275 90
4602 -63
2563 7
3192 82
1426 45
939 23
17 24
2021 -15
686 20
4530 47
961 6
2494 33
1599 86
1183 -49
2631 -92
3729 -17
2316 8
1259 -76
2199 48
1057 34
3505 15
3715 27
83 -73
3532 -71
178 -53
697 -83
2840 12
49 79
4029 -89
1955 87
1639 -95
355 -100
4057 -66
306 -49
4999 -32
4561 9
1281 -6
177 -97
4621 -45
1649 -25
2144 -79
2066 18
259 72
3323 28
3790 -86
4292 36
2205 -48
3900 -29
2931 -5
552 -77
1468 -26
534 21
1466 86
2050 -45
4466 19
242 60
75 -52
1804 -8
1829 8
4178 38
3509 -90
2406 57
278 -90
4829 -8
1366 -57
2590 -74
3061 15
413 -89
4821 92
905 72
315 -1
2897 -10
716 67
2680 -44
4813 72
4554 -89
3898 78
50 91
1908 3
3756 -75
1145 79
4190 -45
1129 -41
2074 9
428 -88
656 100
4350 -6
232 -3
1458 -4
1208 -64
3658 19
2317 16
942 -5
1162 -85
2805 59
2237 -86
3399 93
4350 -42
1856 74
2087 -83
3245 90
4700 -47
2995 -63
1550 56
1692 17
4585 -74
1136 62
3889 -60
597 62
3169 -69
1711 55
1016 -52
4329 -51
1427 -45
4383 -46
4977 37
3863 73
390 -8
1143 48
1226 45
4550 -13
4773 23
2859 90
1100 70
2009 -97
4744 -79
1540 -55
2147 -17
2268 7
3756 49
3699 26
3045 27
141 -100
2981 -10
818 -9
343 -17
1141 12
698 51
1550 50
3351 17
1563 -72
4250 23
3777 -67
4474 8
2767 40
3039 10
1617 52
2363 92
4316 -89
4968 -91
3250 -93
1006 -55
2065 -56
1581 33
3357 58
4401 -25
809 15
2768 31
3775 93
1099 60
4846 80
3715 -29
2102 86
3797 50
4483 82
4978 38
1976 90
266 99
1897 66
3417 40
